SEED T1,KADJ O T1,KADJ D T1,KADJ EM T1,BARTHAG T1,WIN% T1,EXP T1,TALENT T1,ELITE SOS T1,KADJ T T1,BADJ T T1,TOV% T1,TOV%D T1,OREB% T1,DREB% T1,3PTR T1,3PT% T1,SEED T2,KADJ O T2,KADJ D T2,KADJ EM T2,BARTHAG T2,WIN% T2,EXP T2,TALENT T2,ELITE SOS T2,KADJ T T2,BADJ T T2,TOV% T2,TOV%D T2,OREB% T2,DREB% T2,3PTR T2,3PT% T2,WINNER
1,128.505,93.4663,35.0385,0.976,84.84848,2.573,34.433,45.564,67.6684,67.776,13.4,17.4,34.3,69.7,40.6,36.8,16,101.454,110.689,-9.235,0.27,54.54545,2.346,4.049,11.608,67.824,67.626,13.2,18.6,28.3,68.9,42.9,32.9,0
16,101.454,110.689,-9.235,0.27,54.54545,2.346,4.049,11.608,67.824,67.626,13.2,18.6,28.3,68.9,42.9,32.9,1,128.505,93.4663,35.0385,0.976,84.84848,2.573,34.433,45.564,67.6684,67.776,13.4,17.4,34.3,69.7,40.6,36.8,1
8,118.177,95.5301,22.6465,0.929,79.41176,2.555,20.225,29.98,68.826,68.807,16.5,18.6,32.2,72.8,48.1,33.0,9,116.968,98.2653,18.7025,0.885,70.58824,1.954,59.745,31.577,67.1073,67.135,18.1,11.7,26.9,72.8,49.0,33.9,1
9,116.968,98.2653,18.7025,0.885,70.58824,1.954,59.745,31.577,67.1073,67.135,18.1,11.7,26.9,72.8,49.0,33.9,8,118.177,95.5301,22.6465,0.929,79.41176,2.555,20.225,29.98,68.826,68.807,16.5,18.6,32.2,72.8,48.1,33.0,0
5,116.787,94.9671,21.8201,0.907,73.52941,2.239,57.267,37.294,69.6043,69.422,19.8,16.0,33.2,70.2,42.5,33.4,12,115.29,96.5133,18.7768,0.859,87.5,2.447,14.091,12.106,65.7295,65.781,13.4,23.3,25.6,71.6,49.6,36.5,0
12,115.29,96.5133,18.7768,0.859,87.5,2.447,14.091,12.106,65.7295,65.781,13.4,23.3,25.6,71.6,49.6,36.5,5,116.787,94.9671,21.8201,0.907,73.52941,2.239,57.267,37.294,69.6043,69.422,19.8,16.0,33.2,70.2,42.5,33.4,1
4,116.281,92.2075,24.0735,0.924,68.75,2.764,69.423,39.956,66.2185,66.083,18.2,19.7,42.0,72.2,37.6,31.1,13,114.444,103.508,10.9363,0.746,75.0,1.876,9.807,11.606,67.4019,67.208,14.4,16.1,33.2,74.2,32.0,38.5,0
13,114.444,103.508,10.9363,0.746,75.0,1.876,9.807,11.606,67.4019,67.208,14.4,16.1,33.2,74.2,32.0,38.5,4,116.281,92.2075,24.0735,0.924,68.75,2.764,69.423,39.956,66.2185,66.083,18.2,19.7,42.0,72.2,37.6,31.1,1
6,117.897,95.8241,22.0726,0.9,66.66667,2.701,56.397,41.324,68.1108,67.977,12.8,20.5,25.4,69.2,40.2,34.1,11,118.913,99.3766,19.5367,0.881,62.85714,1.623,87.298,35.154,70.5124,70.562,15.1,15.2,29.2,72.9,37.0,35.3,0
11,118.913,99.3766,19.5367,0.881,62.85714,1.623,87.298,35.154,70.5124,70.562,15.1,15.2,29.2,72.9,37.0,35.3,6,117.897,95.8241,22.0726,0.9,66.66667,2.701,56.397,41.324,68.1108,67.977,12.8,20.5,25.4,69.2,40.2,34.1,1
3,119.483,92.4824,27.0002,0.948,72.72727,2.401,35.926,36.738,68.6373,68.54,16.9,21.8,32.2,71.6,36.9,35.8,14,112.711,103.225,9.48582,0.672,71.875,2.583,0.2,11.694,65.9466,66.081,14.4,15.9,24.0,73.5,47.4,36.7,0
14,112.711,103.225,9.48582,0.672,71.875,2.583,0.2,11.694,65.9466,66.081,14.4,15.9,24.0,73.5,47.4,36.7,3,119.483,92.4824,27.0002,0.948,72.72727,2.401,35.926,36.738,68.6373,68.54,16.9,21.8,32.2,71.6,36.9,35.8,1
7,117.695,96.1073,21.5878,0.898,69.69697,2.084,62.664,34.207,67.6373,67.717,13.5,21.5,30.1,69.0,46.3,32.5,10,112.545,95.2167,17.3279,0.867,78.125,2.047,45.924,24.388,72.7518,73.074,15.6,20.5,31.5,74.4,32.2,34.1,1
10,112.545,95.2167,17.3279,0.867,78.125,2.047,45.924,24.388,72.7518,73.074,15.6,20.5,31.5,74.4,32.2,34.1,7,117.695,96.1073,21.5878,0.898,69.69697,2.084,62.664,34.207,67.6373,67.717,13.5,21.5,30.1,69.0,46.3,32.5,0
2,118.056,90.49,27.5664,0.941,81.81818,1.752,74.743,34.707,67.7809,67.859,16.6,16.4,35.3,75.4,32.7,30.8,15,106.725,105.547,1.17756,0.511,65.625,2.502,33.52,9.31,72.5242,72.335,16.5,16.4,34.2,71.2,34.8,33.4,0
15,106.725,105.547,1.17756,0.511,65.625,2.502,33.52,9.31,72.5242,72.335,16.5,16.4,34.2,71.2,34.8,33.4,2,118.056,90.49,27.5664,0.941,81.81818,1.752,74.743,34.707,67.7809,67.859,16.6,16.4,35.3,75.4,32.7,30.8,1
1,127.938,92.1126,35.8258,0.971,88.23529,1.887,28.619,37.75,69.5912,69.516,15.0,17.0,38.1,71.2,43.6,35.5,16,107.201,108.723,-1.52118,0.425,67.74194,2.602,7.466,12.001,66.4103,66.306,18.3,18.6,32.8,66.2,27.7,31.3,0
16,107.201,108.723,-1.52118,0.425,67.74194,2.602,7.466,12.001,66.4103,66.306,18.3,18.6,32.8,66.2,27.7,31.3,1,127.938,92.1126,35.8258,0.971,88.23529,1.887,28.619,37.75,69.5912,69.516,15.0,17.0,38.1,71.2,43.6,35.5,1
8,121.965,102.633,19.3318,0.883,69.69697,1.638,87.492,30.085,63.7849,63.782,17.1,15.5,35.6,72.6,42.6,35.4,9,119.062,100.717,18.345,0.855,60.60606,2.256,48.517,39.435,68.6051,68.427,17.3,18.1,26.5,68.3,41.9,37.0,0
9,119.062,100.717,18.345,0.855,60.60606,2.256,48.517,39.435,68.6051,68.427,17.3,18.1,26.5,68.3,41.9,37.0,8,121.965,102.633,19.3318,0.883,69.69697,1.638,87.492,30.085,63.7849,63.782,17.1,15.5,35.6,72.6,42.6,35.4,1
5,113.302,98.1617,15.1407,0.806,85.29412,2.425,53.401,23.012,70.8385,70.654,19.2,19.1,35.1,67.7,33.1,38.0,12,116.276,98.977,17.2994,0.876,73.52941,2.033,33.82,22.886,66.0287,66.012,17.4,16.7,26.4,74.7,42.8,36.6,1
12,116.276,98.977,17.2994,0.876,73.52941,2.033,33.82,22.886,66.0287,66.012,17.4,16.7,26.4,74.7,42.8,36.6,5,113.302,98.1617,15.1407,0.806,85.29412,2.425,53.401,23.012,70.8385,70.654,19.2,19.1,35.1,67.7,33.1,38.0,0
4,118.089,91.7546,26.3341,0.945,75.75758,1.64,66.049,31.337,69.8717,69.841,14.5,20.2,31.0,72.8,35.5,37.2,13,107.859,100.641,7.21812,0.732,78.125,2.47,26.711,10.398,71.5151,71.467,18.4,20.6,32.5,71.4,33.6,31.6,0
13,107.859,100.641,7.21812,0.732,78.125,2.47,26.711,10.398,71.5151,71.467,18.4,20.6,32.5,71.4,33.6,31.6,4,118.089,91.7546,26.3341,0.945,75.75758,1.64,66.049,31.337,69.8717,69.841,14.5,20.2,31.0,72.8,35.5,37.2,1
6,125.359,100.97,24.3888,0.934,66.66667,2.197,66.184,36.393,68.279,68.112,15.2,20.0,33.7,67.8,41.5,37.0,11,112.641,98.498,14.1426,0.823,90.32258,2.226,0.2,12.625,58.8833,58.599,18.6,22.1,36.0,74.2,36.8,35.0,1
11,112.641,98.498,14.1426,0.823,90.32258,2.226,0.2,12.625,58.8833,58.599,18.6,22.1,36.0,74.2,36.8,35.0,6,125.359,100.97,24.3888,0.934,66.66667,2.197,66.184,36.393,68.279,68.112,15.2,20.0,33.7,67.8,41.5,37.0,0
3,125.335,97.2799,28.0555,0.955,75.75758,1.972,36.947,35.224,65.4879,65.554,14.8,17.4,34.3,71.5,44.6,37.9,14,112.326,107.183,5.14288,0.639,78.125,2.555,0.2,8.683,65.3908,65.132,16.0,17.4,35.4,71.9,36.2,33.0,0
14,112.326,107.183,5.14288,0.639,78.125,2.555,0.2,8.683,65.3908,65.132,16.0,17.4,35.4,71.9,36.2,33.0,3,125.335,97.2799,28.0555,0.955,75.75758,1.972,36.947,35.224,65.4879,65.554,14.8,17.4,34.3,71.5,44.6,37.9,1
7,116.021,92.761,23.2603,0.927,63.63636,2.526,65.96,41.748,68.4297,68.297,16.7,15.6,30.4,72.5,34.3,35.2,10,112.943,95.2503,17.6925,0.862,60.60606,1.364,74.808,36.561,69.4097,69.263,16.5,17.5,27.6,71.7,36.7,33.3,1
10,112.943,95.2503,17.6925,0.862,60.60606,1.364,74.808,36.561,69.4097,69.263,16.5,17.5,27.6,71.7,36.7,33.3,7,116.021,92.761,23.2603,0.927,63.63636,2.526,65.96,41.748,68.4297,68.297,16.7,15.6,30.4,72.5,34.3,35.2,0
2,113.938,87.5628,26.3752,0.936,88.23529,2.12,64.078,27.94,70.1918,70.097,15.6,21.9,37.3,71.1,30.3,30.4,15,111.099,110.588,0.511031,0.596,62.5,2.432,0.2,13.045,67.7809,67.694,15.7,14.9,29.2,74.6,38.6,36.7,0
15,111.099,110.588,0.511031,0.596,62.5,2.432,0.2,13.045,67.7809,67.694,15.7,14.9,29.2,74.6,38.6,36.7,2,113.938,87.5628,26.3752,0.936,88.23529,2.12,64.078,27.94,70.1918,70.097,15.6,21.9,37.3,71.1,30.3,30.4,1
1,127.999,89.847,38.1518,0.981,91.17647,0.968,80.734,30.63,65.803,65.706,14.4,17.7,35.2,73.5,45.4,37.7,16,100.191,106.864,-6.67224,0.29,63.63636,2.013,0.853,8.934,67.4378,67.317,21.7,15.9,31.1,71.7,41.0,34.9,0
16,100.191,106.864,-6.67224,0.29,63.63636,2.013,0.853,8.934,67.4378,67.317,21.7,15.9,31.1,71.7,41.0,34.9,1,127.999,89.847,38.1518,0.981,91.17647,0.968,80.734,30.63,65.803,65.706,14.4,17.7,35.2,73.5,45.4,37.7,1
8,118.786,98.6992,20.0867,0.889,63.63636,2.053,58.075,38.324,68.2016,67.963,15.1,19.0,34.1,70.5,42.3,31.4,9,120.886,99.7268,21.1589,0.903,56.25,1.871,56.146,42.981,64.5974,64.62,16.1,18.8,35.6,68.8,40.2,34.7,1
9,120.886,99.7268,21.1589,0.903,56.25,1.871,56.146,42.981,64.5974,64.62,16.1,18.8,35.6,68.8,40.2,34.7,8,118.786,98.6992,20.0867,0.889,63.63636,2.053,58.075,38.324,68.2016,67.963,15.1,19.0,34.1,70.5,42.3,31.4,0
5,116.643,96.4943,20.149,0.874,72.72727,2.452,60.009,35.999,67.673,67.652,16.2,17.6,30.6,70.8,38.6,34.0,12,112.496,98.9632,13.5325,0.831,80.64516,2.265,2.365,13.412,65.3931,65.369,15.3,16.9,18.9,72.0,47.7,39.5,0
12,112.496,98.9632,13.5325,0.831,80.64516,2.265,2.365,13.412,65.3931,65.369,15.3,16.9,18.9,72.0,47.7,39.5,5,116.643,96.4943,20.149,0.874,72.72727,2.452,60.009,35.999,67.673,67.652,16.2,17.6,30.6,70.8,38.6,34.0,1
4,122.567,96.8244,25.7423,0.947,64.70588,1.92,66.268,44.259,69.9324,69.862,16.2,16.6,35.9,71.5,34.6,32.4,13,113.749,107.176,6.57261,0.672,81.25,2.383,16.228,9.759,71.4456,71.176,16.6,17.2,33.3,71.0,45.4,36.6,0
13,113.749,107.176,6.57261,0.672,81.25,2.383,16.228,9.759,71.4456,71.176,16.6,17.2,33.3,71.0,45.4,36.6,4,122.567,96.8244,25.7423,0.947,64.70588,1.92,66.268,44.259,69.9324,69.862,16.2,16.6,35.9,71.5,34.6,32.4,1
6,123.05,100.654,22.3965,0.938,72.72727,1.889,35.971,35.191,67.3028,67.2,17.6,17.2,33.3,73.9,48.3,37.1,11,116.251,95.5473,20.7041,0.9,81.81818,2.233,34.315,16.375,66.1584,66.134,16.8,20.6,36.7,70.0,47.4,33.5,0
11,116.251,95.5473,20.7041,0.9,81.81818,2.233,34.315,16.375,66.1584,66.134,16.8,20.6,36.7,70.0,47.4,33.5,6,123.05,100.654,22.3965,0.938,72.72727,1.889,35.971,35.191,67.3028,67.2,17.6,17.2,33.3,73.9,48.3,37.1,1
3,123.276,96.8339,26.4425,0.942,74.28571,2.223,24.761,35.559,67.7504,67.473,14.1,14.5,28.0,73.4,48.1,34.9,14,110.837,110.443,0.39472,0.578,70.96774,2.148,0.2,15.101,67.1057,66.985,16.2,15.5,22.6,71.0,36.8,36.5,0
14,110.837,110.443,0.39472,0.578,70.96774,2.148,0.2,15.101,67.1057,66.985,16.2,15.5,22.6,71.0,36.8,36.5,3,123.276,96.8339,26.4425,0.942,74.28571,2.223,24.761,35.559,67.7504,67.473,14.1,14.5,28.0,73.4,48.1,34.9,1
7,115.324,92.2318,23.0917,0.922,84.375,1.982,48.461,22.682,61.7537,61.767,15.1,16.6,40.5,75.1,33.4,32.6,10,118.017,101.854,16.1626,0.862,62.5,1.973,36.79,35.986,69.5281,69.566,14.7,20.0,32.2,70.3,40.2,32.5,0
10,118.017,101.854,16.1626,0.862,62.5,1.973,36.79,35.986,69.5281,69.566,14.7,20.0,32.2,70.3,40.2,32.5,7,115.324,92.2318,23.0917,0.922,84.375,1.982,48.461,22.682,61.7537,61.767,15.1,16.6,40.5,75.1,33.4,32.6,1
2,126.598,96.6919,29.9064,0.962,75.75758,1.819,58.572,46.471,74.9404,74.645,16.7,13.5,34.7,70.8,46.2,35.0,15,107.033,104.951,2.08242,0.524,75.75758,1.898,0.2,8.247,67.8393,67.899,18.5,18.8,35.3,71.7,36.8,34.9,0
15,107.033,104.951,2.08242,0.524,75.75758,1.898,0.2,8.247,67.8393,67.899,18.5,18.8,35.3,71.7,36.8,34.9,2,126.598,96.6919,29.9064,0.962,75.75758,1.819,58.572,46.471,74.9404,74.645,16.7,13.5,34.7,70.8,46.2,35.0,1
1,123.269,87.8253,35.4439,0.982,88.23529,2.278,75.695,38.577,61.5016,61.425,14.6,21.7,36.1,70.7,34.5,39.8,16,101.933,106.247,-4.31392,0.38,63.33333,2.225,7.282,8.164,65.8961,65.8,17.1,17.3,31.8,70.9,36.3,34.0,0
16,101.933,106.247,-4.31392,0.38,63.33333,2.225,7.282,8.164,65.8961,65.8,17.1,17.3,31.8,70.9,36.3,34.0,1,123.269,87.8253,35.4439,0.982,88.23529,2.278,75.695,38.577,61.5016,61.425,14.6,21.7,36.1,70.7,34.5,39.8,1
8,123.611,96.3216,27.2891,0.944,75.75758,2.522,61.194,26.112,70.2431,70.141,13.2,18.2,32.7,73.6,33.5,34.4,9,115.468,96.1035,19.3641,0.9,62.5,1.393,64.946,37.778,66.4963,66.394,18.8,18.0,36.1,68.2,36.8,33.5,0
9,115.468,96.1035,19.3641,0.9,62.5,1.393,64.946,37.778,66.4963,66.394,18.8,18.0,36.1,68.2,36.8,33.5,8,123.611,96.3216,27.2891,0.944,75.75758,2.522,61.194,26.112,70.2431,70.141,13.2,18.2,32.7,73.6,33.5,34.4,1
5,118.69,94.7724,23.9175,0.927,81.81818,2.503,51.614,26.367,64.3278,64.261,15.7,20.1,33.7,70.1,38.4,37.2,12,114.303,100.611,13.6921,0.796,80.64516,2.515,25.961,12.768,65.427,65.249,16.2,21.6,34.7,68.7,36.7,35.6,1
12,114.303,100.611,13.6921,0.796,80.64516,2.515,25.961,12.768,65.427,65.249,16.2,21.6,34.7,68.7,36.7,35.6,5,118.69,94.7724,23.9175,0.927,81.81818,2.503,51.614,26.367,64.3278,64.261,15.7,20.1,33.7,70.1,38.4,37.2,0
4,124.163,100.363,23.8002,0.929,66.66667,1.484,73.946,38.46,65.0357,65.042,15.6,17.8,31.0,70.1,38.1,38.5,13,118.496,109.181,9.31501,0.726,84.375,2.445,17.054,6.978,66.4904,66.472,15.3,16.5,34.0,70.1,39.0,36.6,0
13,118.496,109.181,9.31501,0.726,84.375,2.445,17.054,6.978,66.4904,66.472,15.3,16.5,34.0,70.1,39.0,36.6,4,124.163,100.363,23.8002,0.929,66.66667,1.484,73.946,38.46,65.0357,65.042,15.6,17.8,31.0,70.1,38.1,38.5,1
6,121.633,98.0448,23.5881,0.923,63.63636,1.177,74.592,39.298,71.4016,71.333,15.8,12.7,36.0,73.7,46.9,31.1,11,115.459,98.2866,17.1723,0.88,65.625,2.524,42.959,28.812,69.1435,69.015,16.0,17.6,25.2,74.8,37.4,38.8,0
11,115.459,98.2866,17.1723,0.88,65.625,2.524,42.959,28.812,69.1435,69.015,16.0,17.6,25.2,74.8,37.4,38.8,6,121.633,98.0448,23.5881,0.923,63.63636,1.177,74.592,39.298,71.4016,71.333,15.8,12.7,36.0,73.7,46.9,31.1,1
3,123.868,99.6111,24.2565,0.931,66.66667,2.329,46.326,43.526,71.013,70.867,15.2,14.0,28.7,74.1,41.7,37.4,14,107.706,100.828,6.87801,0.661,67.74194,1.661,0.2,14.121,66.3679,66.137,19.9,19.8,38.6,68.0,44.8,30.3,0
14,107.706,100.828,6.87801,0.661,67.74194,1.661,0.2,14.121,66.3679,66.137,19.9,19.8,38.6,68.0,44.8,30.3,3,123.868,99.6111,24.2565,0.931,66.66667,2.329,46.326,43.526,71.013,70.867,15.2,14.0,28.7,74.1,41.7,37.4,1
7,116.828,95.0405,21.7873,0.92,68.75,1.849,70.64,34.636,64.9617,65.028,15.9,22.8,32.8,70.8,36.0,35.2,10,120.785,105.555,15.2291,0.853,78.125,2.077,17.856,23.021,67.6245,67.63,16.0,20.2,34.6,69.7,42.3,35.8,0
10,120.785,105.555,15.2291,0.853,78.125,2.077,17.856,23.021,67.6245,67.63,16.0,20.2,34.6,69.7,42.3,35.8,7,116.828,95.0405,21.7873,0.92,68.75,1.849,70.64,34.636,64.9617,65.028,15.9,22.8,32.8,70.8,36.0,35.2,1
2,119.981,88.5426,31.4386,0.957,79.41176,2.65,51.743,41.282,63.6241,63.823,16.0,17.8,35.4,69.9,43.0,34.0,15,113.682,109.523,4.15908,0.547,53.125,2.088,0.2,12.682,64.1094,63.93,16.9,14.9,35.5,73.8,47.7,34.5,0
15,113.682,109.523,4.15908,0.547,53.125,2.088,0.2,12.682,64.1094,63.93,16.9,14.9,35.5,73.8,47.7,34.5,2,119.981,88.5426,31.4386,0.957,79.41176,2.65,51.743,41.282,63.6241,63.823,16.0,17.8,35.4,69.9,43.0,34.0,1
1,128.505,93.4663,35.0385,0.976,84.84848,2.573,34.433,45.564,67.6684,67.776,13.4,17.4,34.3,69.7,40.6,36.8,9,116.968,98.2653,18.7025,0.885,70.58824,1.954,59.745,31.577,67.1073,67.135,18.1,11.7,26.9,72.8,49.0,33.9,0
9,116.968,98.2653,18.7025,0.885,70.58824,1.954,59.745,31.577,67.1073,67.135,18.1,11.7,26.9,72.8,49.0,33.9,1,128.505,93.4663,35.0385,0.976,84.84848,2.573,34.433,45.564,67.6684,67.776,13.4,17.4,34.3,69.7,40.6,36.8,1
5,116.787,94.9671,21.8201,0.907,73.52941,2.239,57.267,37.294,69.6043,69.422,19.8,16.0,33.2,70.2,42.5,33.4,4,116.281,92.2075,24.0735,0.924,68.75,2.764,69.423,39.956,66.2185,66.083,18.2,19.7,42.0,72.2,37.6,31.1,0
4,116.281,92.2075,24.0735,0.924,68.75,2.764,69.423,39.956,66.2185,66.083,18.2,19.7,42.0,72.2,37.6,31.1,5,116.787,94.9671,21.8201,0.907,73.52941,2.239,57.267,37.294,69.6043,69.422,19.8,16.0,33.2,70.2,42.5,33.4,1
6,117.897,95.8241,22.0726,0.9,66.66667,2.701,56.397,41.324,68.1108,67.977,12.8,20.5,25.4,69.2,40.2,34.1,3,119.483,92.4824,27.0002,0.948,72.72727,2.401,35.926,36.738,68.6373,68.54,16.9,21.8,32.2,71.6,36.9,35.8,0
3,119.483,92.4824,27.0002,0.948,72.72727,2.401,35.926,36.738,68.6373,68.54,16.9,21.8,32.2,71.6,36.9,35.8,6,117.897,95.8241,22.0726,0.9,66.66667,2.701,56.397,41.324,68.1108,67.977,12.8,20.5,25.4,69.2,40.2,34.1,1
10,112.545,95.2167,17.3279,0.867,78.125,2.047,45.924,24.388,72.7518,73.074,15.6,20.5,31.5,74.4,32.2,34.1,2,118.056,90.49,27.5664,0.941,81.81818,1.752,74.743,34.707,67.7809,67.859,16.6,16.4,35.3,75.4,32.7,30.8,1
2,118.056,90.49,27.5664,0.941,81.81818,1.752,74.743,34.707,67.7809,67.859,16.6,16.4,35.3,75.4,32.7,30.8,10,112.545,95.2167,17.3279,0.867,78.125,2.047,45.924,24.388,72.7518,73.074,15.6,20.5,31.5,74.4,32.2,34.1,0
1,127.938,92.1126,35.8258,0.971,88.23529,1.887,28.619,37.75,69.5912,69.516,15.0,17.0,38.1,71.2,43.6,35.5,8,121.965,102.633,19.3318,0.883,69.69697,1.638,87.492,30.085,63.7849,63.782,17.1,15.5,35.6,72.6,42.6,35.4,0
8,121.965,102.633,19.3318,0.883,69.69697,1.638,87.492,30.085,63.7849,63.782,17.1,15.5,35.6,72.6,42.6,35.4,1,127.938,92.1126,35.8258,0.971,88.23529,1.887,28.619,37.75,69.5912,69.516,15.0,17.0,38.1,71.2,43.6,35.5,1
12,116.276,98.977,17.2994,0.876,73.52941,2.033,33.82,22.886,66.0287,66.012,17.4,16.7,26.4,74.7,42.8,36.6,4,118.089,91.7546,26.3341,0.945,75.75758,1.64,66.049,31.337,69.8717,69.841,14.5,20.2,31.0,72.8,35.5,37.2,1
4,118.089,91.7546,26.3341,0.945,75.75758,1.64,66.049,31.337,69.8717,69.841,14.5,20.2,31.0,72.8,35.5,37.2,12,116.276,98.977,17.2994,0.876,73.52941,2.033,33.82,22.886,66.0287,66.012,17.4,16.7,26.4,74.7,42.8,36.6,0
11,112.641,98.498,14.1426,0.823,90.32258,2.226,0.2,12.625,58.8833,58.599,18.6,22.1,36.0,74.2,36.8,35.0,3,125.335,97.2799,28.0555,0.955,75.75758,1.972,36.947,35.224,65.4879,65.554,14.8,17.4,34.3,71.5,44.6,37.9,1
3,125.335,97.2799,28.0555,0.955,75.75758,1.972,36.947,35.224,65.4879,65.554,14.8,17.4,34.3,71.5,44.6,37.9,11,112.641,98.498,14.1426,0.823,90.32258,2.226,0.2,12.625,58.8833,58.599,18.6,22.1,36.0,74.2,36.8,35.0,0
10,112.943,95.2503,17.6925,0.862,60.60606,1.364,74.808,36.561,69.4097,69.263,16.5,17.5,27.6,71.7,36.7,33.3,2,113.938,87.5628,26.3752,0.936,88.23529,2.12,64.078,27.94,70.1918,70.097,15.6,21.9,37.3,71.1,30.3,30.4,0
2,113.938,87.5628,26.3752,0.936,88.23529,2.12,64.078,27.94,70.1918,70.097,15.6,21.9,37.3,71.1,30.3,30.4,10,112.943,95.2503,17.6925,0.862,60.60606,1.364,74.808,36.561,69.4097,69.263,16.5,17.5,27.6,71.7,36.7,33.3,1
1,127.999,89.847,38.1518,0.981,91.17647,0.968,80.734,30.63,65.803,65.706,14.4,17.7,35.2,73.5,45.4,37.7,9,120.886,99.7268,21.1589,0.903,56.25,1.871,56.146,42.981,64.5974,64.62,16.1,18.8,35.6,68.8,40.2,34.7,0
9,120.886,99.7268,21.1589,0.903,56.25,1.871,56.146,42.981,64.5974,64.62,16.1,18.8,35.6,68.8,40.2,34.7,1,127.999,89.847,38.1518,0.981,91.17647,0.968,80.734,30.63,65.803,65.706,14.4,17.7,35.2,73.5,45.4,37.7,1
5,116.643,96.4943,20.149,0.874,72.72727,2.452,60.009,35.999,67.673,67.652,16.2,17.6,30.6,70.8,38.6,34.0,4,122.567,96.8244,25.7423,0.947,64.70588,1.92,66.268,44.259,69.9324,69.862,16.2,16.6,35.9,71.5,34.6,32.4,1
4,122.567,96.8244,25.7423,0.947,64.70588,1.92,66.268,44.259,69.9324,69.862,16.2,16.6,35.9,71.5,34.6,32.4,5,116.643,96.4943,20.149,0.874,72.72727,2.452,60.009,35.999,67.673,67.652,16.2,17.6,30.6,70.8,38.6,34.0,0
6,123.05,100.654,22.3965,0.938,72.72727,1.889,35.971,35.191,67.3028,67.2,17.6,17.2,33.3,73.9,48.3,37.1,3,123.276,96.8339,26.4425,0.942,74.28571,2.223,24.761,35.559,67.7504,67.473,14.1,14.5,28.0,73.4,48.1,34.9,0
3,123.276,96.8339,26.4425,0.942,74.28571,2.223,24.761,35.559,67.7504,67.473,14.1,14.5,28.0,73.4,48.1,34.9,6,123.05,100.654,22.3965,0.938,72.72727,1.889,35.971,35.191,67.3028,67.2,17.6,17.2,33.3,73.9,48.3,37.1,1
7,115.324,92.2318,23.0917,0.922,84.375,1.982,48.461,22.682,61.7537,61.767,15.1,16.6,40.5,75.1,33.4,32.6,2,126.598,96.6919,29.9064,0.962,75.75758,1.819,58.572,46.471,74.9404,74.645,16.7,13.5,34.7,70.8,46.2,35.0,1
2,126.598,96.6919,29.9064,0.962,75.75758,1.819,58.572,46.471,74.9404,74.645,16.7,13.5,34.7,70.8,46.2,35.0,7,115.324,92.2318,23.0917,0.922,84.375,1.982,48.461,22.682,61.7537,61.767,15.1,16.6,40.5,75.1,33.4,32.6,0
1,123.269,87.8253,35.4439,0.982,88.23529,2.278,75.695,38.577,61.5016,61.425,14.6,21.7,36.1,70.7,34.5,39.8,8,123.611,96.3216,27.2891,0.944,75.75758,2.522,61.194,26.112,70.2431,70.141,13.2,18.2,32.7,73.6,33.5,34.4,0
8,123.611,96.3216,27.2891,0.944,75.75758,2.522,61.194,26.112,70.2431,70.141,13.2,18.2,32.7,73.6,33.5,34.4,1,123.269,87.8253,35.4439,0.982,88.23529,2.278,75.695,38.577,61.5016,61.425,14.6,21.7,36.1,70.7,34.5,39.8,1
12,114.303,100.611,13.6921,0.796,80.64516,2.515,25.961,12.768,65.427,65.249,16.2,21.6,34.7,68.7,36.7,35.6,4,124.163,100.363,23.8002,0.929,66.66667,1.484,73.946,38.46,65.0357,65.042,15.6,17.8,31.0,70.1,38.1,38.5,1
4,124.163,100.363,23.8002,0.929,66.66667,1.484,73.946,38.46,65.0357,65.042,15.6,17.8,31.0,70.1,38.1,38.5,12,114.303,100.611,13.6921,0.796,80.64516,2.515,25.961,12.768,65.427,65.249,16.2,21.6,34.7,68.7,36.7,35.6,0
6,121.633,98.0448,23.5881,0.923,63.63636,1.177,74.592,39.298,71.4016,71.333,15.8,12.7,36.0,73.7,46.9,31.1,3,123.868,99.6111,24.2565,0.931,66.66667,2.329,46.326,43.526,71.013,70.867,15.2,14.0,28.7,74.1,41.7,37.4,1
3,123.868,99.6111,24.2565,0.931,66.66667,2.329,46.326,43.526,71.013,70.867,15.2,14.0,28.7,74.1,41.7,37.4,6,121.633,98.0448,23.5881,0.923,63.63636,1.177,74.592,39.298,71.4016,71.333,15.8,12.7,36.0,73.7,46.9,31.1,0
7,116.828,95.0405,21.7873,0.92,68.75,1.849,70.64,34.636,64.9617,65.028,15.9,22.8,32.8,70.8,36.0,35.2,2,119.981,88.5426,31.4386,0.957,79.41176,2.65,51.743,41.282,63.6241,63.823,16.0,17.8,35.4,69.9,43.0,34.0,1
2,119.981,88.5426,31.4386,0.957,79.41176,2.65,51.743,41.282,63.6241,63.823,16.0,17.8,35.4,69.9,43.0,34.0,7,116.828,95.0405,21.7873,0.92,68.75,1.849,70.64,34.636,64.9617,65.028,15.9,22.8,32.8,70.8,36.0,35.2,0
1,128.505,93.4663,35.0385,0.976,84.84848,2.573,34.433,45.564,67.6684,67.776,13.4,17.4,34.3,69.7,40.6,36.8,5,116.787,94.9671,21.8201,0.907,73.52941,2.239,57.267,37.294,69.6043,69.422,19.8,16.0,33.2,70.2,42.5,33.4,0
5,116.787,94.9671,21.8201,0.907,73.52941,2.239,57.267,37.294,69.6043,69.422,19.8,16.0,33.2,70.2,42.5,33.4,1,128.505,93.4663,35.0385,0.976,84.84848,2.573,34.433,45.564,67.6684,67.776,13.4,17.4,34.3,69.7,40.6,36.8,1
6,117.897,95.8241,22.0726,0.9,66.66667,2.701,56.397,41.324,68.1108,67.977,12.8,20.5,25.4,69.2,40.2,34.1,2,118.056,90.49,27.5664,0.941,81.81818,1.752,74.743,34.707,67.7809,67.859,16.6,16.4,35.3,75.4,32.7,30.8,1
2,118.056,90.49,27.5664,0.941,81.81818,1.752,74.743,34.707,67.7809,67.859,16.6,16.4,35.3,75.4,32.7,30.8,6,117.897,95.8241,22.0726,0.9,66.66667,2.701,56.397,41.324,68.1108,67.977,12.8,20.5,25.4,69.2,40.2,34.1,0
1,127.938,92.1126,35.8258,0.971,88.23529,1.887,28.619,37.75,69.5912,69.516,15.0,17.0,38.1,71.2,43.6,35.5,4,118.089,91.7546,26.3341,0.945,75.75758,1.64,66.049,31.337,69.8717,69.841,14.5,20.2,31.0,72.8,35.5,37.2,0
4,118.089,91.7546,26.3341,0.945,75.75758,1.64,66.049,31.337,69.8717,69.841,14.5,20.2,31.0,72.8,35.5,37.2,1,127.938,92.1126,35.8258,0.971,88.23529,1.887,28.619,37.75,69.5912,69.516,15.0,17.0,38.1,71.2,43.6,35.5,1
3,125.335,97.2799,28.0555,0.955,75.75758,1.972,36.947,35.224,65.4879,65.554,14.8,17.4,34.3,71.5,44.6,37.9,10,112.943,95.2503,17.6925,0.862,60.60606,1.364,74.808,36.561,69.4097,69.263,16.5,17.5,27.6,71.7,36.7,33.3,0
10,112.943,95.2503,17.6925,0.862,60.60606,1.364,74.808,36.561,69.4097,69.263,16.5,17.5,27.6,71.7,36.7,33.3,3,125.335,97.2799,28.0555,0.955,75.75758,1.972,36.947,35.224,65.4879,65.554,14.8,17.4,34.3,71.5,44.6,37.9,1
1,127.999,89.847,38.1518,0.981,91.17647,0.968,80.734,30.63,65.803,65.706,14.4,17.7,35.2,73.5,45.4,37.7,4,122.567,96.8244,25.7423,0.947,64.70588,1.92,66.268,44.259,69.9324,69.862,16.2,16.6,35.9,71.5,34.6,32.4,0
4,122.567,96.8244,25.7423,0.947,64.70588,1.92,66.268,44.259,69.9324,69.862,16.2,16.6,35.9,71.5,34.6,32.4,1,127.999,89.847,38.1518,0.981,91.17647,0.968,80.734,30.63,65.803,65.706,14.4,17.7,35.2,73.5,45.4,37.7,1
6,123.05,100.654,22.3965,0.938,72.72727,1.889,35.971,35.191,67.3028,67.2,17.6,17.2,33.3,73.9,48.3,37.1,2,126.598,96.6919,29.9064,0.962,75.75758,1.819,58.572,46.471,74.9404,74.645,16.7,13.5,34.7,70.8,46.2,35.0,1
2,126.598,96.6919,29.9064,0.962,75.75758,1.819,58.572,46.471,74.9404,74.645,16.7,13.5,34.7,70.8,46.2,35.0,6,123.05,100.654,22.3965,0.938,72.72727,1.889,35.971,35.191,67.3028,67.2,17.6,17.2,33.3,73.9,48.3,37.1,0
1,123.269,87.8253,35.4439,0.982,88.23529,2.278,75.695,38.577,61.5016,61.425,14.6,21.7,36.1,70.7,34.5,39.8,4,124.163,100.363,23.8002,0.929,66.66667,1.484,73.946,38.46,65.0357,65.042,15.6,17.8,31.0,70.1,38.1,38.5,0
4,124.163,100.363,23.8002,0.929,66.66667,1.484,73.946,38.46,65.0357,65.042,15.6,17.8,31.0,70.1,38.1,38.5,1,123.269,87.8253,35.4439,0.982,88.23529,2.278,75.695,38.577,61.5016,61.425,14.6,21.7,36.1,70.7,34.5,39.8,1
3,123.868,99.6111,24.2565,0.931,66.66667,2.329,46.326,43.526,71.013,70.867,15.2,14.0,28.7,74.1,41.7,37.4,2,119.981,88.5426,31.4386,0.957,79.41176,2.65,51.743,41.282,63.6241,63.823,16.0,17.8,35.4,69.9,43.0,34.0,1
2,119.981,88.5426,31.4386,0.957,79.41176,2.65,51.743,41.282,63.6241,63.823,16.0,17.8,35.4,69.9,43.0,34.0,3,123.868,99.6111,24.2565,0.931,66.66667,2.329,46.326,43.526,71.013,70.867,15.2,14.0,28.7,74.1,41.7,37.4,0
1,128.505,93.4663,35.0385,0.976,84.84848,2.573,34.433,45.564,67.6684,67.776,13.4,17.4,34.3,69.7,40.6,36.8,2,118.056,90.49,27.5664,0.941,81.81818,1.752,74.743,34.707,67.7809,67.859,16.6,16.4,35.3,75.4,32.7,30.8,0
2,118.056,90.49,27.5664,0.941,81.81818,1.752,74.743,34.707,67.7809,67.859,16.6,16.4,35.3,75.4,32.7,30.8,1,128.505,93.4663,35.0385,0.976,84.84848,2.573,34.433,45.564,67.6684,67.776,13.4,17.4,34.3,69.7,40.6,36.8,1
1,127.938,92.1126,35.8258,0.971,88.23529,1.887,28.619,37.75,69.5912,69.516,15.0,17.0,38.1,71.2,43.6,35.5,3,125.335,97.2799,28.0555,0.955,75.75758,1.972,36.947,35.224,65.4879,65.554,14.8,17.4,34.3,71.5,44.6,37.9,0
3,125.335,97.2799,28.0555,0.955,75.75758,1.972,36.947,35.224,65.4879,65.554,14.8,17.4,34.3,71.5,44.6,37.9,1,127.938,92.1126,35.8258,0.971,88.23529,1.887,28.619,37.75,69.5912,69.516,15.0,17.0,38.1,71.2,43.6,35.5,1
1,127.999,89.847,38.1518,0.981,91.17647,0.968,80.734,30.63,65.803,65.706,14.4,17.7,35.2,73.5,45.4,37.7,2,126.598,96.6919,29.9064,0.962,75.75758,1.819,58.572,46.471,74.9404,74.645,16.7,13.5,34.7,70.8,46.2,35.0,0
2,126.598,96.6919,29.9064,0.962,75.75758,1.819,58.572,46.471,74.9404,74.645,16.7,13.5,34.7,70.8,46.2,35.0,1,127.999,89.847,38.1518,0.981,91.17647,0.968,80.734,30.63,65.803,65.706,14.4,17.7,35.2,73.5,45.4,37.7,1
1,123.269,87.8253,35.4439,0.982,88.23529,2.278,75.695,38.577,61.5016,61.425,14.6,21.7,36.1,70.7,34.5,39.8,2,119.981,88.5426,31.4386,0.957,79.41176,2.65,51.743,41.282,63.6241,63.823,16.0,17.8,35.4,69.9,43.0,34.0,0
2,119.981,88.5426,31.4386,0.957,79.41176,2.65,51.743,41.282,63.6241,63.823,16.0,17.8,35.4,69.9,43.0,34.0,1,123.269,87.8253,35.4439,0.982,88.23529,2.278,75.695,38.577,61.5016,61.425,14.6,21.7,36.1,70.7,34.5,39.8,1
1,128.505,93.4663,35.0385,0.976,84.84848,2.573,34.433,45.564,67.6684,67.776,13.4,17.4,34.3,69.7,40.6,36.8,1,127.938,92.1126,35.8258,0.971,88.23529,1.887,28.619,37.75,69.5912,69.516,15.0,17.0,38.1,71.2,43.6,35.5,1
1,127.938,92.1126,35.8258,0.971,88.23529,1.887,28.619,37.75,69.5912,69.516,15.0,17.0,38.1,71.2,43.6,35.5,1,128.505,93.4663,35.0385,0.976,84.84848,2.573,34.433,45.564,67.6684,67.776,13.4,17.4,34.3,69.7,40.6,36.8,0
1,127.999,89.847,38.1518,0.981,91.17647,0.968,80.734,30.63,65.803,65.706,14.4,17.7,35.2,73.5,45.4,37.7,1,123.269,87.8253,35.4439,0.982,88.23529,2.278,75.695,38.577,61.5016,61.425,14.6,21.7,36.1,70.7,34.5,39.8,1
1,123.269,87.8253,35.4439,0.982,88.23529,2.278,75.695,38.577,61.5016,61.425,14.6,21.7,36.1,70.7,34.5,39.8,1,127.999,89.847,38.1518,0.981,91.17647,0.968,80.734,30.63,65.803,65.706,14.4,17.7,35.2,73.5,45.4,37.7,0
1,127.938,92.1126,35.8258,0.971,88.23529,1.887,28.619,37.75,69.5912,69.516,15.0,17.0,38.1,71.2,43.6,35.5,1,123.269,87.8253,35.4439,0.982,88.23529,2.278,75.695,38.577,61.5016,61.425,14.6,21.7,36.1,70.7,34.5,39.8,0
1,123.269,87.8253,35.4439,0.982,88.23529,2.278,75.695,38.577,61.5016,61.425,14.6,21.7,36.1,70.7,34.5,39.8,1,127.938,92.1126,35.8258,0.971,88.23529,1.887,28.619,37.75,69.5912,69.516,15.0,17.0,38.1,71.2,43.6,35.5,1
1,126.608,94.3949,32.213,0.971,91.17647059,1.709,58.255,33.643,64.4543,64.586,14.9,16.2,36.5,73.2,40.9,36.7,16,110.262,114.366,-4.1041,0.356,61.29032258,2.058,19.778,12.662,66.1646,65.95,15.8,13.5,27.5,68.8,41.8,36.5,0
16,110.262,114.366,-4.1041,0.356,61.29032258,2.058,19.778,12.662,66.1646,65.95,15.8,13.5,27.5,68.8,41.8,36.5,1,126.608,94.3949,32.213,0.971,91.17647059,1.709,58.255,33.643,64.4543,64.586,14.9,16.2,36.5,73.2,40.9,36.7,1
8,118.961,102.725,16.2359,0.816,75.75757576,2.764,21.565,20.437,68.0531,67.913,15.8,16.5,33.8,70.8,38.8,35.6,9,116.657,100.752,15.9057,0.872,65.625,2.306,35.529,30.87,63.7214,63.684,13.3,18.8,25.7,71.8,36.8,39.4,1
9,116.657,100.752,15.9057,0.872,65.625,2.306,35.529,30.87,63.7214,63.684,13.3,18.8,25.7,71.8,36.8,39.4,8,118.961,102.725,16.2359,0.816,75.75757576,2.764,21.565,20.437,68.0531,67.913,15.8,16.5,33.8,70.8,38.8,35.6,0
5,113.548,93.8492,19.6993,0.879,68.75,2.508,43.201,30.359,65.9846,66.101,16.0,18.0,32.7,72.0,37.8,31.3,12,113.68,107.398,6.28179,0.663,66.66666667,2.218,21.521,17.731,67.7997,67.733,16.7,16.1,35.3,69.0,31.3,33.1,0
12,113.68,107.398,6.28179,0.663,66.66666667,2.218,21.521,17.731,67.7997,67.733,16.7,16.1,35.3,69.0,31.3,33.1,5,113.548,93.8492,19.6993,0.879,68.75,2.508,43.201,30.359,65.9846,66.101,16.0,18.0,32.7,72.0,37.8,31.3,1
4,120.579,91.6765,28.9026,0.957,79.41176471,2.195,43.053,28.032,69.7887,69.847,14.9,18.2,32.9,69.7,37.5,35.2,13,110.825,101.352,9.47275,0.744,68.96551724,1.91,9.096,16.194,64.5226,64.628,14.1,16.0,28.4,76.0,35.3,34.6,1
13,110.825,101.352,9.47275,0.744,68.96551724,1.91,9.096,16.194,64.5226,64.628,14.1,16.0,28.4,76.0,35.3,34.6,4,120.579,91.6765,28.9026,0.957,79.41176471,2.195,43.053,28.032,69.7887,69.847,14.9,18.2,32.9,69.7,37.5,35.2,0
6,120.486,99.4765,21.0091,0.907,69.6969697,2.232,19.483,30.879,69.0581,68.967,15.2,16.0,32.8,75.3,50.7,34.8,11,106.921,97.5497,9.37104,0.761,67.64705882,1.999,0.2,19.651,66.3236,66.271,17.5,19.5,29.9,70.0,39.7,33.9,1
11,106.921,97.5497,9.37104,0.761,67.64705882,1.999,0.2,19.651,66.3236,66.271,17.5,19.5,29.9,70.0,39.7,33.9,6,120.486,99.4765,21.0091,0.907,69.6969697,2.232,19.483,30.879,69.0581,68.967,15.2,16.0,32.8,75.3,50.7,34.8,0
3,125.551,101.564,23.9871,0.922,76.47058824,2.444,56.834,32.635,69.8886,69.854,15.1,12.3,36.2,73.9,38.3,34.9,14,108.989,103.52,5.46884,0.589,73.33333333,2.372,16.078,11.774,64.2353,64.279,18.5,15.5,32.0,73.6,45.1,35.3,0
14,108.989,103.52,5.46884,0.589,73.33333333,2.372,16.078,11.774,64.2353,64.279,18.5,15.5,32.0,73.6,45.1,35.3,3,125.551,101.564,23.9871,0.922,76.47058824,2.444,56.834,32.635,69.8886,69.854,15.1,12.3,36.2,73.9,38.3,34.9,1
7,113.431,97.215,16.2158,0.856,72.72727273,1.724,30.424,25.215,64.8206,64.889,16.1,15.9,32.9,75.1,32.0,34.0,10,115.619,100.904,14.7142,0.828,81.81818182,1.786,15.682,16.549,67.8384,67.768,13.9,17.4,24.2,77.9,39.6,36.5,0
10,115.619,100.904,14.7142,0.828,81.81818182,1.786,15.682,16.549,67.8384,67.768,13.9,17.4,24.2,77.9,39.6,36.5,7,113.431,97.215,16.2158,0.856,72.72727273,1.724,30.424,25.215,64.8206,64.889,16.1,15.9,32.9,75.1,32.0,34.0,1
2,113.864,87.1458,26.7178,0.958,79.41176471,1.824,44.201,33.017,67.3399,67.569,15.7,25.7,31.6,70.6,32.0,34.9,15,108.662,105.674,2.98745,0.583,61.29032258,1.819,7.614,9.978,67.8617,67.896,16.4,16.5,24.4,74.7,40.2,36.2,0
15,108.662,105.674,2.98745,0.583,61.29032258,1.819,7.614,9.978,67.8617,67.896,16.4,16.5,24.4,74.7,40.2,36.2,2,113.864,87.1458,26.7178,0.958,79.41176471,1.824,44.201,33.017,67.3399,67.569,15.7,25.7,31.6,70.6,32.0,34.9,1
1,117.796,93.151,24.6454,0.931,79.41176471,2.174,88.407,30.665,70.4477,70.367,14.4,14.9,32.8,76.5,35.9,35.4,16,95.7835,105.878,-10.0944,0.24,48.27586207,1.596,0.2,8.04,61.253,61.28,15.9,17.0,29.5,73.0,38.2,31.6,0
16,95.7835,105.878,-10.0944,0.24,48.27586207,1.596,0.2,8.04,61.253,61.28,15.9,17.0,29.5,73.0,38.2,31.6,1,117.796,93.151,24.6454,0.931,79.41176471,2.174,88.407,30.665,70.4477,70.367,14.4,14.9,32.8,76.5,35.9,35.4,1
8,113.678,95.6951,17.9825,0.877,61.76470588,2.241,43.205,32.154,67.0503,67.159,18.7,18.2,35.4,72.4,38.2,32.5,9,113.76,93.7263,20.0339,0.898,57.57575758,2.07,67.335,34.196,65.1889,65.272,14.7,18.7,29.9,71.3,30.2,35.9,1
9,113.76,93.7263,20.0339,0.898,57.57575758,2.07,67.335,34.196,65.1889,65.272,14.7,18.7,29.9,71.3,30.2,35.9,8,113.678,95.6951,17.9825,0.877,61.76470588,2.241,43.205,32.154,67.0503,67.159,18.7,18.2,35.4,72.4,38.2,32.5,0
5,114.901,95.0132,19.888,0.92,78.125,1.929,38.712,19.572,61.9463,62.072,16.0,16.7,39.0,77.6,36.7,35.5,12,113.478,99.5638,13.9138,0.773,87.5,2.618,14.992,11.307,68.1093,68.046,17.8,19.9,34.6,70.4,36.1,34.4,1
12,113.478,99.5638,13.9138,0.773,87.5,2.618,14.992,11.307,68.1093,68.046,17.8,19.9,34.6,70.4,36.1,34.4,5,114.901,95.0132,19.888,0.92,78.125,1.929,38.712,19.572,61.9463,62.072,16.0,16.7,39.0,77.6,36.7,35.5,0
4,125.601,103.118,22.4828,0.913,65.625,2.094,27.836,36.254,72.6461,72.507,16.0,15.6,34.9,70.1,46.8,36.5,13,113.736,106.128,7.60727,0.702,78.78787879,1.788,5.524,11.135,69.7757,69.952,14.3,16.4,33.5,73.4,47.1,34.8,0
13,113.736,106.128,7.60727,0.702,78.78787879,1.788,5.524,11.135,69.7757,69.952,14.3,16.4,33.5,73.4,47.1,34.8,4,125.601,103.118,22.4828,0.913,65.625,2.094,27.836,36.254,72.6461,72.507,16.0,15.6,34.9,70.1,46.8,36.5,1
6,117.426,100.489,16.9371,0.865,65.625,2.275,64.382,28.597,66.1056,66.188,14.9,13.6,27.7,74.8,40.2,35.4,11,115.411,96.4738,18.9368,0.893,73.52941176,1.908,55.824,23.773,72.6803,72.766,13.9,19.5,33.4,73.0,29.8,33.4,0
11,115.411,96.4738,18.9368,0.893,73.52941176,1.908,55.824,23.773,72.6803,72.766,13.9,19.5,33.4,73.0,29.8,33.4,6,117.426,100.489,16.9371,0.865,65.625,2.275,64.382,28.597,66.1056,66.188,14.9,13.6,27.7,74.8,40.2,35.4,1
3,122.49,100.185,22.305,0.91,68.75,1.617,58.436,37.902,65.6032,65.735,17.7,17.1,35.1,72.9,38.3,39.4,14,104.65,102.5,2.15009,0.513,72.72727273,1.902,0.2,11.19,66.2225,66.194,16.3,16.1,25.0,75.5,38.3,35.7,0
14,104.65,102.5,2.15009,0.513,72.72727273,1.902,0.2,11.19,66.2225,66.194,16.3,16.1,25.0,75.5,38.3,35.7,3,122.49,100.185,22.305,0.91,68.75,1.617,58.436,37.902,65.6032,65.735,17.7,17.1,35.1,72.9,38.3,39.4,1
7,118.601,101.304,17.2975,0.855,77.41935484,2.205,32.899,23.183,64.1776,63.987,15.8,15.7,26.9,71.0,44.5,40.2,10,115.55,98.7358,16.814,0.863,78.125,2.436,28.02,22.983,66.6449,66.764,15.0,17.3,27.5,72.8,33.6,36.5,0
10,115.55,98.7358,16.814,0.863,78.125,2.436,28.02,22.983,66.6449,66.764,15.0,17.3,27.5,72.8,33.6,36.5,7,118.601,101.304,17.2975,0.855,77.41935484,2.205,32.899,23.183,64.1776,63.987,15.8,15.7,26.9,71.0,44.5,40.2,1
2,121.125,94.5013,26.6237,0.953,75.75757576,1.963,76.342,29.931,71.8379,72.043,16.1,18.1,36.3,76.9,32.6,37.1,15,107.857,107.862,-0.00456917,0.431,57.57575758,2.22,11.174,12.603,71.1635,71.405,17.1,18.5,33.3,70.4,28.3,31.3,0
15,107.857,107.862,-0.00456917,0.431,57.57575758,2.22,11.174,12.603,71.1635,71.405,17.1,18.5,33.3,70.4,28.3,31.3,2,121.125,94.5013,26.6237,0.953,75.75757576,1.963,76.342,29.931,71.8379,72.043,16.1,18.1,36.3,76.9,32.6,37.1,1
1,118.868,87.1492,31.7188,0.979,88.23529412,2.28,63.543,34.485,63.2681,63.328,13.7,24.7,36.9,69.8,36.6,34.7,16,105.712,104.753,0.95941,0.476,58.06451613,2.323,17.521,9.715,66.7619,66.81,18.0,19.6,36.7,74.5,28.3,34.2,0
16,105.712,104.753,0.95941,0.476,58.06451613,2.323,17.521,9.715,66.7619,66.81,18.0,19.6,36.7,74.5,28.3,34.2,1,118.868,87.1492,31.7188,0.979,88.23529412,2.28,63.543,34.485,63.2681,63.328,13.7,24.7,36.9,69.8,36.6,34.7,1
8,115.866,97.6744,18.1912,0.9,69.6969697,2.43,27.887,29.05,68.6104,68.655,15.9,16.4,27.8,70.0,44.5,35.8,9,115.996,99.8885,16.108,0.85,58.82352941,2.393,55.263,33.304,65.8429,65.555,14.2,16.9,41.9,72.0,38.1,28.4,1
9,115.996,99.8885,16.108,0.85,58.82352941,2.393,55.263,33.304,65.8429,65.555,14.2,16.9,41.9,72.0,38.1,28.4,8,115.866,97.6744,18.1912,0.9,69.6969697,2.43,27.887,29.05,68.6104,68.655,15.9,16.4,27.8,70.0,44.5,35.8,0
5,120.06,99.4602,20.6003,0.902,62.85714286,1.974,52.194,37.153,65.1538,64.959,14.6,16.9,30.5,75.5,35.4,34.8,12,113.858,100.958,12.9001,0.778,90.90909091,2.428,3.831,9.457,69.4753,69.763,14.7,19.8,32.0,72.4,38.1,36.5,1
12,113.858,100.958,12.9001,0.778,90.90909091,2.428,3.831,9.457,69.4753,69.763,14.7,19.8,32.0,72.4,38.1,36.5,5,120.06,99.4602,20.6003,0.902,62.85714286,1.974,52.194,37.153,65.1538,64.959,14.6,16.9,30.5,75.5,35.4,34.8,0
4,121.827,96.9502,24.8767,0.927,75.0,1.152,91.61,26.968,66.6784,66.864,14.3,16.9,31.8,74.1,37.4,37.7,13,107.122,100.145,6.9772,0.659,81.25,2.309,4.273,10.22,63.2333,63.308,13.8,15.1,22.4,76.7,44.1,33.5,0
13,107.122,100.145,6.9772,0.659,81.25,2.309,4.273,10.22,63.2333,63.308,13.8,15.1,22.4,76.7,44.1,33.5,4,121.827,96.9502,24.8767,0.927,75.0,1.152,91.61,26.968,66.6784,66.864,14.3,16.9,31.8,74.1,37.4,37.7,1
6,117.943,99.3985,18.5448,0.885,69.6969697,2.079,50.406,32.55,66.6408,66.428,16.5,17.0,30.2,69.7,41.1,36.5,11,114.385,101.329,13.056,0.798,61.11111111,2.403,48.869,28.902,68.0599,67.887,13.7,17.9,28.6,70.7,33.5,34.6,1
11,114.385,101.329,13.056,0.798,61.11111111,2.403,48.869,28.902,68.0599,67.887,13.7,17.9,28.6,70.7,33.5,34.6,6,117.943,99.3985,18.5448,0.885,69.6969697,2.079,50.406,32.55,66.6408,66.428,16.5,17.0,30.2,69.7,41.1,36.5,0
3,122.742,102.724,20.018,0.893,71.875,0.982,73.978,29.177,72.636,72.505,14.2,16.0,28.9,69.8,37.3,41.2,14,108.593,105.776,2.81743,0.585,67.64705882,2.571,7.281,15.066,66.6629,66.769,16.2,16.3,30.6,71.4,40.8,35.1,1
14,108.593,105.776,2.81743,0.585,67.64705882,2.571,7.281,15.066,66.6629,66.769,16.2,16.3,30.6,71.4,40.8,35.1,3,122.742,102.724,20.018,0.893,71.875,0.982,73.978,29.177,72.636,72.505,14.2,16.0,28.9,69.8,37.3,41.2,0
7,119.317,101.129,18.1884,0.895,68.57142857,1.707,30.164,31.29,71.6913,71.575,15.8,14.5,37.5,71.1,34.5,34.2,10,117.579,99.1127,18.4666,0.886,70.58823529,2.2,38.964,26.08,67.5085,67.688,18.1,15.2,32.4,76.0,30.4,39.4,1
10,117.579,99.1127,18.4666,0.886,70.58823529,2.2,38.964,26.08,67.5085,67.688,18.1,15.2,32.4,76.0,30.4,39.4,7,119.317,101.129,18.1884,0.895,68.57142857,1.707,30.164,31.29,71.6913,71.575,15.8,14.5,37.5,71.1,34.5,34.2,0
2,118.294,95.5576,22.7369,0.933,73.52941176,1.872,57.136,37.073,68.9774,69.064,14.3,21.1,26.0,69.2,40.5,35.8,15,105.552,102.489,3.06263,0.593,63.33333333,2.412,32.318,9.879,75.1443,75.058,18.3,18.6,28.5,73.3,31.0,34.4,0
15,105.552,102.489,3.06263,0.593,63.33333333,2.412,32.318,9.879,75.1443,75.058,18.3,18.6,28.5,73.3,31.0,34.4,2,118.294,95.5576,22.7369,0.933,73.52941176,1.872,57.136,37.073,68.9774,69.064,14.3,21.1,26.0,69.2,40.5,35.8,1
1,124.988,95.87,29.1183,0.964,87.87878788,1.864,52.594,36.076,67.3784,67.599,16.5,14.0,37.4,75.3,35.0,40.8,16,99.2736,107.084,-7.80999,0.281,54.83870968,2.34,12.502,15.298,64.8232,64.9,20.5,19.0,28.1,67.3,29.8,34.1,0
16,99.2736,107.084,-7.80999,0.281,54.83870968,2.34,12.502,15.298,64.8232,64.9,20.5,19.0,28.1,67.3,29.8,34.1,1,124.988,95.87,29.1183,0.964,87.87878788,1.864,52.594,36.076,67.3784,67.599,16.5,14.0,37.4,75.3,35.0,40.8,1
8,115.617,100.502,15.1147,0.815,80.64516129,1.918,21.975,22.529,68.5319,68.51,15.7,16.4,28.5,74.6,33.4,32.1,9,115.101,97.8088,17.2923,0.869,63.63636364,2.75,53.769,32.604,69.6651,69.889,17.9,20.8,35.5,71.4,30.2,35.6,0
9,115.101,97.8088,17.2923,0.869,63.63636364,2.75,53.769,32.604,69.6651,69.889,17.9,20.8,35.5,71.4,30.2,35.6,8,115.617,100.502,15.1147,0.815,80.64516129,1.918,21.975,22.529,68.5319,68.51,15.7,16.4,28.5,74.6,33.4,32.1,1
5,120.997,99.4329,21.5641,0.915,77.41935484,1.84,72.006,23.847,69.0926,69.074,14.0,16.5,33.3,72.8,31.4,35.5,12,114.033,101.171,12.8626,0.752,89.65517241,2.328,18.38,8.837,65.5793,65.325,14.2,23.0,32.1,69.6,33.6,39.4,0
12,114.033,101.171,12.8626,0.752,89.65517241,2.328,18.38,8.837,65.5793,65.325,14.2,23.0,32.1,69.6,33.6,39.4,5,120.997,99.4329,21.5641,0.915,77.41935484,1.84,72.006,23.847,69.0926,69.074,14.0,16.5,33.3,72.8,31.4,35.5,1
4,113.382,94.1566,19.2256,0.911,67.74193548,2.102,64.218,37.263,68.9392,68.881,16.4,16.8,25.3,73.6,29.7,33.3,13,113.083,103.291,9.79228,0.732,84.375,2.096,14.838,11.368,72.4779,72.568,18.1,21.7,30.2,68.0,40.9,39.3,0
13,113.083,103.291,9.79228,0.732,84.375,2.096,14.838,11.368,72.4779,72.568,18.1,21.7,30.2,68.0,40.9,39.3,4,113.382,94.1566,19.2256,0.911,67.74193548,2.102,64.218,37.263,68.9392,68.881,16.4,16.8,25.3,73.6,29.7,33.3,1
6,114.735,99.6715,15.0632,0.842,78.78787879,2.242,43.412,28.077,62.8651,62.999,15.5,14.9,33.1,72.0,41.0,33.5,11,114.036,100.607,13.4292,0.815,67.64705882,1.969,47.815,28.128,67.1541,67.128,14.8,17.9,28.7,72.9,36.7,33.6,1
11,114.036,100.607,13.4292,0.815,67.64705882,1.969,47.815,28.128,67.1541,67.128,14.8,17.9,28.7,72.9,36.7,33.6,6,114.735,99.6715,15.0632,0.842,78.78787879,2.242,43.412,28.077,62.8651,62.999,15.5,14.9,33.1,72.0,41.0,33.5,0
3,120.091,96.6912,23.3993,0.929,71.875,2.322,52.884,33.229,67.0297,66.947,15.3,11.2,25.9,75.4,48.9,36.1,14,107.009,102.072,4.93709,0.596,68.75,2.584,10.97,11.931,65.8933,65.698,17.2,16.6,29.5,74.4,41.5,32.0,0
14,107.009,102.072,4.93709,0.596,68.75,2.584,10.97,11.931,65.8933,65.698,17.2,16.6,29.5,74.4,41.5,32.0,3,120.091,96.6912,23.3993,0.929,71.875,2.322,52.884,33.229,67.0297,66.947,15.3,11.2,25.9,75.4,48.9,36.1,1
7,118.526,100.122,18.4034,0.901,62.5,2.288,50.353,33.846,67.1608,67.175,16.6,18.6,30.5,70.0,34.9,36.1,10,115.382,98.779,16.6027,0.846,68.75,2.578,21.58,27.18,65.8043,65.849,14.8,16.9,24.3,72.5,38.3,33.2,0
10,115.382,98.779,16.6027,0.846,68.75,2.578,21.58,27.18,65.8043,65.849,14.8,16.9,24.3,72.5,38.3,33.2,7,118.526,100.122,18.4034,0.901,62.5,2.288,50.353,33.846,67.1608,67.175,16.6,18.6,30.5,70.0,34.9,36.1,1
2,117.021,91.0499,25.9712,0.938,75.0,2.262,55.338,34.068,69.2023,69.219,14.6,18.9,32.4,71.4,41.3,34.2,15,98.5882,100.91,-2.32142,0.404,58.06451613,1.797,0.702,9.395,63.9542,63.989,19.6,20.3,35.1,70.6,31.1,33.9,0
15,98.5882,100.91,-2.32142,0.404,58.06451613,1.797,0.702,9.395,63.9542,63.989,19.6,20.3,35.1,70.6,31.1,33.9,2,117.021,91.0499,25.9712,0.938,75.0,2.262,55.338,34.068,69.2023,69.219,14.6,18.9,32.4,71.4,41.3,34.2,1
1,126.608,94.3949,32.213,0.971,91.17647059,1.709,58.255,33.643,64.4543,64.586,14.9,16.2,36.5,73.2,40.9,36.7,9,116.657,100.752,15.9057,0.872,65.625,2.306,35.529,30.87,63.7214,63.684,13.3,18.8,25.7,71.8,36.8,39.4,0
9,116.657,100.752,15.9057,0.872,65.625,2.306,35.529,30.87,63.7214,63.684,13.3,18.8,25.7,71.8,36.8,39.4,1,126.608,94.3949,32.213,0.971,91.17647059,1.709,58.255,33.643,64.4543,64.586,14.9,16.2,36.5,73.2,40.9,36.7,1
5,113.548,93.8492,19.6993,0.879,68.75,2.508,43.201,30.359,65.9846,66.101,16.0,18.0,32.7,72.0,37.8,31.3,13,110.825,101.352,9.47275,0.744,68.96551724,1.91,9.096,16.194,64.5226,64.628,14.1,16.0,28.4,76.0,35.3,34.6,0
13,110.825,101.352,9.47275,0.744,68.96551724,1.91,9.096,16.194,64.5226,64.628,14.1,16.0,28.4,76.0,35.3,34.6,5,113.548,93.8492,19.6993,0.879,68.75,2.508,43.201,30.359,65.9846,66.101,16.0,18.0,32.7,72.0,37.8,31.3,1
11,106.921,97.5497,9.37104,0.761,67.64705882,1.999,0.2,19.651,66.3236,66.271,17.5,19.5,29.9,70.0,39.7,33.9,3,125.551,101.564,23.9871,0.922,76.47058824,2.444,56.834,32.635,69.8886,69.854,15.1,12.3,36.2,73.9,38.3,34.9,1
3,125.551,101.564,23.9871,0.922,76.47058824,2.444,56.834,32.635,69.8886,69.854,15.1,12.3,36.2,73.9,38.3,34.9,11,106.921,97.5497,9.37104,0.761,67.64705882,1.999,0.2,19.651,66.3236,66.271,17.5,19.5,29.9,70.0,39.7,33.9,0
7,113.431,97.215,16.2158,0.856,72.72727273,1.724,30.424,25.215,64.8206,64.889,16.1,15.9,32.9,75.1,32.0,34.0,2,113.864,87.1458,26.7178,0.958,79.41176471,1.824,44.201,33.017,67.3399,67.569,15.7,25.7,31.6,70.6,32.0,34.9,1
2,113.864,87.1458,26.7178,0.958,79.41176471,1.824,44.201,33.017,67.3399,67.569,15.7,25.7,31.6,70.6,32.0,34.9,7,113.431,97.215,16.2158,0.856,72.72727273,1.724,30.424,25.215,64.8206,64.889,16.1,15.9,32.9,75.1,32.0,34.0,0
1,117.796,93.151,24.6454,0.931,79.41176471,2.174,88.407,30.665,70.4477,70.367,14.4,14.9,32.8,76.5,35.9,35.4,9,113.76,93.7263,20.0339,0.898,57.57575758,2.07,67.335,34.196,65.1889,65.272,14.7,18.7,29.9,71.3,30.2,35.9,0
9,113.76,93.7263,20.0339,0.898,57.57575758,2.07,67.335,34.196,65.1889,65.272,14.7,18.7,29.9,71.3,30.2,35.9,1,117.796,93.151,24.6454,0.931,79.41176471,2.174,88.407,30.665,70.4477,70.367,14.4,14.9,32.8,76.5,35.9,35.4,1
12,113.478,99.5638,13.9138,0.773,87.5,2.618,14.992,11.307,68.1093,68.046,17.8,19.9,34.6,70.4,36.1,34.4,4,125.601,103.118,22.4828,0.913,65.625,2.094,27.836,36.254,72.6461,72.507,16.0,15.6,34.9,70.1,46.8,36.5,1
4,125.601,103.118,22.4828,0.913,65.625,2.094,27.836,36.254,72.6461,72.507,16.0,15.6,34.9,70.1,46.8,36.5,12,113.478,99.5638,13.9138,0.773,87.5,2.618,14.992,11.307,68.1093,68.046,17.8,19.9,34.6,70.4,36.1,34.4,0
6,117.426,100.489,16.9371,0.865,65.625,2.275,64.382,28.597,66.1056,66.188,14.9,13.6,27.7,74.8,40.2,35.4,3,122.49,100.185,22.305,0.91,68.75,1.617,58.436,37.902,65.6032,65.735,17.7,17.1,35.1,72.9,38.3,39.4,0
3,122.49,100.185,22.305,0.91,68.75,1.617,58.436,37.902,65.6032,65.735,17.7,17.1,35.1,72.9,38.3,39.4,6,117.426,100.489,16.9371,0.865,65.625,2.275,64.382,28.597,66.1056,66.188,14.9,13.6,27.7,74.8,40.2,35.4,1
7,118.601,101.304,17.2975,0.855,77.41935484,2.205,32.899,23.183,64.1776,63.987,15.8,15.7,26.9,71.0,44.5,40.2,2,121.125,94.5013,26.6237,0.953,75.75757576,1.963,76.342,29.931,71.8379,72.043,16.1,18.1,36.3,76.9,32.6,37.1,1
2,121.125,94.5013,26.6237,0.953,75.75757576,1.963,76.342,29.931,71.8379,72.043,16.1,18.1,36.3,76.9,32.6,37.1,7,118.601,101.304,17.2975,0.855,77.41935484,2.205,32.899,23.183,64.1776,63.987,15.8,15.7,26.9,71.0,44.5,40.2,0
1,118.868,87.1492,31.7188,0.979,88.23529412,2.28,63.543,34.485,63.2681,63.328,13.7,24.7,36.9,69.8,36.6,34.7,9,115.996,99.8885,16.108,0.85,58.82352941,2.393,55.263,33.304,65.8429,65.555,14.2,16.9,41.9,72.0,38.1,28.4,0
9,115.996,99.8885,16.108,0.85,58.82352941,2.393,55.263,33.304,65.8429,65.555,14.2,16.9,41.9,72.0,38.1,28.4,1,118.868,87.1492,31.7188,0.979,88.23529412,2.28,63.543,34.485,63.2681,63.328,13.7,24.7,36.9,69.8,36.6,34.7,1
12,113.858,100.958,12.9001,0.778,90.90909091,2.428,3.831,9.457,69.4753,69.763,14.7,19.8,32.0,72.4,38.1,36.5,4,121.827,96.9502,24.8767,0.927,75.0,1.152,91.61,26.968,66.6784,66.864,14.3,16.9,31.8,74.1,37.4,37.7,1
4,121.827,96.9502,24.8767,0.927,75.0,1.152,91.61,26.968,66.6784,66.864,14.3,16.9,31.8,74.1,37.4,37.7,12,113.858,100.958,12.9001,0.778,90.90909091,2.428,3.831,9.457,69.4753,69.763,14.7,19.8,32.0,72.4,38.1,36.5,0
11,114.385,101.329,13.056,0.798,61.11111111,2.403,48.869,28.902,68.0599,67.887,13.7,17.9,28.6,70.7,33.5,34.6,14,108.593,105.776,2.81743,0.585,67.64705882,2.571,7.281,15.066,66.6629,66.769,16.2,16.3,30.6,71.4,40.8,35.1,0
14,108.593,105.776,2.81743,0.585,67.64705882,2.571,7.281,15.066,66.6629,66.769,16.2,16.3,30.6,71.4,40.8,35.1,11,114.385,101.329,13.056,0.798,61.11111111,2.403,48.869,28.902,68.0599,67.887,13.7,17.9,28.6,70.7,33.5,34.6,1
10,117.579,99.1127,18.4666,0.886,70.58823529,2.2,38.964,26.08,67.5085,67.688,18.1,15.2,32.4,76.0,30.4,39.4,2,118.294,95.5576,22.7369,0.933,73.52941176,1.872,57.136,37.073,68.9774,69.064,14.3,21.1,26.0,69.2,40.5,35.8,1
2,118.294,95.5576,22.7369,0.933,73.52941176,1.872,57.136,37.073,68.9774,69.064,14.3,21.1,26.0,69.2,40.5,35.8,10,117.579,99.1127,18.4666,0.886,70.58823529,2.2,38.964,26.08,67.5085,67.688,18.1,15.2,32.4,76.0,30.4,39.4,0
1,124.988,95.87,29.1183,0.964,87.87878788,1.864,52.594,36.076,67.3784,67.599,16.5,14.0,37.4,75.3,35.0,40.8,8,115.617,100.502,15.1147,0.815,80.64516129,1.918,21.975,22.529,68.5319,68.51,15.7,16.4,28.5,74.6,33.4,32.1,0
8,115.617,100.502,15.1147,0.815,80.64516129,1.918,21.975,22.529,68.5319,68.51,15.7,16.4,28.5,74.6,33.4,32.1,1,124.988,95.87,29.1183,0.964,87.87878788,1.864,52.594,36.076,67.3784,67.599,16.5,14.0,37.4,75.3,35.0,40.8,1
5,120.997,99.4329,21.5641,0.915,77.41935484,1.84,72.006,23.847,69.0926,69.074,14.0,16.5,33.3,72.8,31.4,35.5,4,113.382,94.1566,19.2256,0.911,67.74193548,2.102,64.218,37.263,68.9392,68.881,16.4,16.8,25.3,73.6,29.7,33.3,0
4,113.382,94.1566,19.2256,0.911,67.74193548,2.102,64.218,37.263,68.9392,68.881,16.4,16.8,25.3,73.6,29.7,33.3,5,120.997,99.4329,21.5641,0.915,77.41935484,1.84,72.006,23.847,69.0926,69.074,14.0,16.5,33.3,72.8,31.4,35.5,1
11,114.036,100.607,13.4292,0.815,67.64705882,1.969,47.815,28.128,67.1541,67.128,14.8,17.9,28.7,72.9,36.7,33.6,3,120.091,96.6912,23.3993,0.929,71.875,2.322,52.884,33.229,67.0297,66.947,15.3,11.2,25.9,75.4,48.9,36.1,1
3,120.091,96.6912,23.3993,0.929,71.875,2.322,52.884,33.229,67.0297,66.947,15.3,11.2,25.9,75.4,48.9,36.1,11,114.036,100.607,13.4292,0.815,67.64705882,1.969,47.815,28.128,67.1541,67.128,14.8,17.9,28.7,72.9,36.7,33.6,0
7,118.526,100.122,18.4034,0.901,62.5,2.288,50.353,33.846,67.1608,67.175,16.6,18.6,30.5,70.0,34.9,36.1,2,117.021,91.0499,25.9712,0.938,75.0,2.262,55.338,34.068,69.2023,69.219,14.6,18.9,32.4,71.4,41.3,34.2,1
2,117.021,91.0499,25.9712,0.938,75.0,2.262,55.338,34.068,69.2023,69.219,14.6,18.9,32.4,71.4,41.3,34.2,7,118.526,100.122,18.4034,0.901,62.5,2.288,50.353,33.846,67.1608,67.175,16.6,18.6,30.5,70.0,34.9,36.1,0
1,126.608,94.3949,32.213,0.971,91.17647059,1.709,58.255,33.643,64.4543,64.586,14.9,16.2,36.5,73.2,40.9,36.7,5,113.548,93.8492,19.6993,0.879,68.75,2.508,43.201,30.359,65.9846,66.101,16.0,18.0,32.7,72.0,37.8,31.3,0
5,113.548,93.8492,19.6993,0.879,68.75,2.508,43.201,30.359,65.9846,66.101,16.0,18.0,32.7,72.0,37.8,31.3,1,126.608,94.3949,32.213,0.971,91.17647059,1.709,58.255,33.643,64.4543,64.586,14.9,16.2,36.5,73.2,40.9,36.7,1
3,125.551,101.564,23.9871,0.922,76.47058824,2.444,56.834,32.635,69.8886,69.854,15.1,12.3,36.2,73.9,38.3,34.9,2,113.864,87.1458,26.7178,0.958,79.41176471,1.824,44.201,33.017,67.3399,67.569,15.7,25.7,31.6,70.6,32.0,34.9,0
2,113.864,87.1458,26.7178,0.958,79.41176471,1.824,44.201,33.017,67.3399,67.569,15.7,25.7,31.6,70.6,32.0,34.9,3,125.551,101.564,23.9871,0.922,76.47058824,2.444,56.834,32.635,69.8886,69.854,15.1,12.3,36.2,73.9,38.3,34.9,1
1,117.796,93.151,24.6454,0.931,79.41176471,2.174,88.407,30.665,70.4477,70.367,14.4,14.9,32.8,76.5,35.9,35.4,4,125.601,103.118,22.4828,0.913,65.625,2.094,27.836,36.254,72.6461,72.507,16.0,15.6,34.9,70.1,46.8,36.5,1
4,125.601,103.118,22.4828,0.913,65.625,2.094,27.836,36.254,72.6461,72.507,16.0,15.6,34.9,70.1,46.8,36.5,1,117.796,93.151,24.6454,0.931,79.41176471,2.174,88.407,30.665,70.4477,70.367,14.4,14.9,32.8,76.5,35.9,35.4,0
6,117.426,100.489,16.9371,0.865,65.625,2.275,64.382,28.597,66.1056,66.188,14.9,13.6,27.7,74.8,40.2,35.4,2,121.125,94.5013,26.6237,0.953,75.75757576,1.963,76.342,29.931,71.8379,72.043,16.1,18.1,36.3,76.9,32.6,37.1,0
2,121.125,94.5013,26.6237,0.953,75.75757576,1.963,76.342,29.931,71.8379,72.043,16.1,18.1,36.3,76.9,32.6,37.1,6,117.426,100.489,16.9371,0.865,65.625,2.275,64.382,28.597,66.1056,66.188,14.9,13.6,27.7,74.8,40.2,35.4,1
1,118.868,87.1492,31.7188,0.979,88.23529412,2.28,63.543,34.485,63.2681,63.328,13.7,24.7,36.9,69.8,36.6,34.7,4,121.827,96.9502,24.8767,0.927,75.0,1.152,91.61,26.968,66.6784,66.864,14.3,16.9,31.8,74.1,37.4,37.7,1
4,121.827,96.9502,24.8767,0.927,75.0,1.152,91.61,26.968,66.6784,66.864,14.3,16.9,31.8,74.1,37.4,37.7,1,118.868,87.1492,31.7188,0.979,88.23529412,2.28,63.543,34.485,63.2681,63.328,13.7,24.7,36.9,69.8,36.6,34.7,0
11,114.385,101.329,13.056,0.798,61.11111111,2.403,48.869,28.902,68.0599,67.887,13.7,17.9,28.6,70.7,33.5,34.6,2,118.294,95.5576,22.7369,0.933,73.52941176,1.872,57.136,37.073,68.9774,69.064,14.3,21.1,26.0,69.2,40.5,35.8,0
2,118.294,95.5576,22.7369,0.933,73.52941176,1.872,57.136,37.073,68.9774,69.064,14.3,21.1,26.0,69.2,40.5,35.8,11,114.385,101.329,13.056,0.798,61.11111111,2.403,48.869,28.902,68.0599,67.887,13.7,17.9,28.6,70.7,33.5,34.6,1
1,124.988,95.87,29.1183,0.964,87.87878788,1.864,52.594,36.076,67.3784,67.599,16.5,14.0,37.4,75.3,35.0,40.8,5,120.997,99.4329,21.5641,0.915,77.41935484,1.84,72.006,23.847,69.0926,69.074,14.0,16.5,33.3,72.8,31.4,35.5,0
5,120.997,99.4329,21.5641,0.915,77.41935484,1.84,72.006,23.847,69.0926,69.074,14.0,16.5,33.3,72.8,31.4,35.5,1,124.988,95.87,29.1183,0.964,87.87878788,1.864,52.594,36.076,67.3784,67.599,16.5,14.0,37.4,75.3,35.0,40.8,1
3,120.091,96.6912,23.3993,0.929,71.875,2.322,52.884,33.229,67.0297,66.947,15.3,11.2,25.9,75.4,48.9,36.1,2,117.021,91.0499,25.9712,0.938,75.0,2.262,55.338,34.068,69.2023,69.219,14.6,18.9,32.4,71.4,41.3,34.2,1
2,117.021,91.0499,25.9712,0.938,75.0,2.262,55.338,34.068,69.2023,69.219,14.6,18.9,32.4,71.4,41.3,34.2,3,120.091,96.6912,23.3993,0.929,71.875,2.322,52.884,33.229,67.0297,66.947,15.3,11.2,25.9,75.4,48.9,36.1,0
1,126.608,94.3949,32.213,0.971,91.17647059,1.709,58.255,33.643,64.4543,64.586,14.9,16.2,36.5,73.2,40.9,36.7,3,125.551,101.564,23.9871,0.922,76.47058824,2.444,56.834,32.635,69.8886,69.854,15.1,12.3,36.2,73.9,38.3,34.9,0
3,125.551,101.564,23.9871,0.922,76.47058824,2.444,56.834,32.635,69.8886,69.854,15.1,12.3,36.2,73.9,38.3,34.9,1,126.608,94.3949,32.213,0.971,91.17647059,1.709,58.255,33.643,64.4543,64.586,14.9,16.2,36.5,73.2,40.9,36.7,1
4,125.601,103.118,22.4828,0.913,65.625,2.094,27.836,36.254,72.6461,72.507,16.0,15.6,34.9,70.1,46.8,36.5,6,117.426,100.489,16.9371,0.865,65.625,2.275,64.382,28.597,66.1056,66.188,14.9,13.6,27.7,74.8,40.2,35.4,0
6,117.426,100.489,16.9371,0.865,65.625,2.275,64.382,28.597,66.1056,66.188,14.9,13.6,27.7,74.8,40.2,35.4,4,125.601,103.118,22.4828,0.913,65.625,2.094,27.836,36.254,72.6461,72.507,16.0,15.6,34.9,70.1,46.8,36.5,1
4,121.827,96.9502,24.8767,0.927,75.0,1.152,91.61,26.968,66.6784,66.864,14.3,16.9,31.8,74.1,37.4,37.7,11,114.385,101.329,13.056,0.798,61.11111111,2.403,48.869,28.902,68.0599,67.887,13.7,17.9,28.6,70.7,33.5,34.6,1
11,114.385,101.329,13.056,0.798,61.11111111,2.403,48.869,28.902,68.0599,67.887,13.7,17.9,28.6,70.7,33.5,34.6,4,121.827,96.9502,24.8767,0.927,75.0,1.152,91.61,26.968,66.6784,66.864,14.3,16.9,31.8,74.1,37.4,37.7,0
1,124.988,95.87,29.1183,0.964,87.87878788,1.864,52.594,36.076,67.3784,67.599,16.5,14.0,37.4,75.3,35.0,40.8,2,117.021,91.0499,25.9712,0.938,75.0,2.262,55.338,34.068,69.2023,69.219,14.6,18.9,32.4,71.4,41.3,34.2,0
2,117.021,91.0499,25.9712,0.938,75.0,2.262,55.338,34.068,69.2023,69.219,14.6,18.9,32.4,71.4,41.3,34.2,1,124.988,95.87,29.1183,0.964,87.87878788,1.864,52.594,36.076,67.3784,67.599,16.5,14.0,37.4,75.3,35.0,40.8,1
1,126.608,94.3949,32.213,0.971,91.17647059,1.709,58.255,33.643,64.4543,64.586,14.9,16.2,36.5,73.2,40.9,36.7,4,125.601,103.118,22.4828,0.913,65.625,2.094,27.836,36.254,72.6461,72.507,16.0,15.6,34.9,70.1,46.8,36.5,0
4,125.601,103.118,22.4828,0.913,65.625,2.094,27.836,36.254,72.6461,72.507,16.0,15.6,34.9,70.1,46.8,36.5,1,126.608,94.3949,32.213,0.971,91.17647059,1.709,58.255,33.643,64.4543,64.586,14.9,16.2,36.5,73.2,40.9,36.7,1
11,114.385,101.329,13.056,0.798,61.11111111,2.403,48.869,28.902,68.0599,67.887,13.7,17.9,28.6,70.7,33.5,34.6,1,124.988,95.87,29.1183,0.964,87.87878788,1.864,52.594,36.076,67.3784,67.599,16.5,14.0,37.4,75.3,35.0,40.8,1
1,124.988,95.87,29.1183,0.964,87.87878788,1.864,52.594,36.076,67.3784,67.599,16.5,14.0,37.4,75.3,35.0,40.8,11,114.385,101.329,13.056,0.798,61.11111111,2.403,48.869,28.902,68.0599,67.887,13.7,17.9,28.6,70.7,33.5,34.6,0
1,126.608,94.3949,32.213,0.971,91.17647059,1.709,58.255,33.643,64.4543,64.586,14.9,16.2,36.5,73.2,40.9,36.7,1,124.988,95.87,29.1183,0.964,87.87878788,1.864,52.594,36.076,67.3784,67.599,16.5,14.0,37.4,75.3,35.0,40.8,0
1,124.988,95.87,29.1183,0.964,87.87878788,1.864,52.594,36.076,67.3784,67.599,16.5,14.0,37.4,75.3,35.0,40.8,1,126.608,94.3949,32.213,0.971,91.17647059,1.709,58.255,33.643,64.4543,64.586,14.9,16.2,36.5,73.2,40.9,36.7,1
1,116.097,88.5549,27.5425,0.956,85.29411765,1.13,66.119,33.7,72.7469,73.5,19.0,15.9,33.8,72.5,47.8,33.8,16,107.367,107.592,-0.22505,0.451,65.51724138,2.721,3.833,9.546,69.2572,69.9,18.0,20.9,32.5,72.1,34.9,36.9,0
16,107.367,107.592,-0.22505,0.451,65.51724138,2.721,3.833,9.546,69.2572,69.9,18.0,20.9,32.5,72.1,34.9,36.9,1,116.097,88.5549,27.5425,0.956,85.29411765,1.13,66.119,33.7,72.7469,73.5,19.0,15.9,33.8,72.5,47.8,33.8,1
8,114.136,95.7662,18.3703,0.863,63.63636364,2.471,44.421,29.227,64.6104,65.4,16.2,18.4,30.2,72.8,37.5,33.0,9,117.144,97.9996,19.1445,0.895,57.57575758,2.499,40.731,35.542,68.8537,69.4,18.5,20.9,33.7,70.7,36.3,34.8,0
9,117.144,97.9996,19.1445,0.895,57.57575758,2.499,40.731,35.542,68.8537,69.4,18.5,20.9,33.7,70.7,36.3,34.8,8,114.136,95.7662,18.3703,0.863,63.63636364,2.471,44.421,29.227,64.6104,65.4,16.2,18.4,30.2,72.8,37.5,33.0,1
5,111.929,91.6744,20.2549,0.919,81.25,2.718,37.236,25.602,66.009,66.8,17.6,19.6,31.7,74.2,34.9,34.4,12,111.378,99.6171,11.7607,0.782,90.90909091,2.031,0.2,8.862,70.9567,71.8,16.7,19.3,35.1,74.5,47.4,33.3,0
12,111.378,99.6171,11.7607,0.782,90.90909091,2.031,0.2,8.862,70.9567,71.8,16.7,19.3,35.1,74.5,47.4,33.3,5,111.929,91.6744,20.2549,0.919,81.25,2.718,37.236,25.602,66.009,66.8,17.6,19.6,31.7,74.2,34.9,34.4,1
4,111.166,94.7544,16.4114,0.871,78.125,2.23,54.569,24.745,61.5696,62.1,13.7,19.7,25.5,75.0,36.1,35.3,13,114.2,105.775,8.42507,0.697,77.41935484,1.893,4.159,10.319,68.4584,69.1,15.8,18.4,29.6,72.9,46.4,34.4,1
13,114.2,105.775,8.42507,0.697,77.41935484,1.893,4.159,10.319,68.4584,69.1,15.8,18.4,29.6,72.9,46.4,34.4,4,111.166,94.7544,16.4114,0.871,78.125,2.23,54.569,24.745,61.5696,62.1,13.7,19.7,25.5,75.0,36.1,35.3,0
6,114.621,93.9665,20.6545,0.913,63.63636364,1.549,67.359,32.269,67.9808,68.6,16.6,14.3,25.5,76.7,42.0,36.0,11,113.894,100.589,13.3052,0.84,69.6969697,2.24,54.561,24.085,69.1326,70.1,13.6,19.1,30.7,73.4,37.6,34.9,0
11,113.894,100.589,13.3052,0.84,69.6969697,2.24,54.561,24.085,69.1326,70.1,13.6,19.1,30.7,73.4,37.6,34.9,6,114.621,93.9665,20.6545,0.913,63.63636364,1.549,67.359,32.269,67.9808,68.6,16.6,14.3,25.5,76.7,42.0,36.0,1
3,121.852,101.871,19.9811,0.904,68.75,1.843,57.276,36.633,66.551,67.7,18.1,19.9,34.7,68.9,45.3,37.2,14,111.335,104.693,6.6422,0.624,78.125,2.238,33.348,10.607,64.9567,65.4,16.8,18.7,26.6,73.9,29.1,35.1,0
14,111.335,104.693,6.6422,0.624,78.125,2.238,33.348,10.607,64.9567,65.4,16.8,18.7,26.6,73.9,29.1,35.1,3,121.852,101.871,19.9811,0.904,68.75,1.843,57.276,36.633,66.551,67.7,18.1,19.9,34.7,68.9,45.3,37.2,1
7,119.289,105.37,13.9186,0.806,72.72727273,2.645,21.934,28.374,69.1078,70.0,16.0,24.3,26.8,62.7,43.3,36.1,10,117.762,98.8807,18.8814,0.869,75.75757576,2.545,15.41,22.797,68.7801,69.5,17.4,15.8,27.4,75.2,42.1,38.5,0
10,117.762,98.8807,18.8814,0.869,75.75757576,2.545,15.41,22.797,68.7801,69.5,17.4,15.8,27.4,75.2,42.1,38.5,7,119.289,105.37,13.9186,0.806,72.72727273,2.645,21.934,28.374,69.1078,70.0,16.0,24.3,26.8,62.7,43.3,36.1,1
2,119.979,97.1195,22.8595,0.932,82.35294118,1.986,73.326,29.572,72.3118,73.2,18.4,16.9,31.1,73.8,38.0,38.2,15,109.093,103.527,5.5658,0.659,70.37037037,1.801,0.2,11.173,67.4503,68.1,16.9,14.5,28.4,77.2,40.7,34.0,1
15,109.093,103.527,5.5658,0.659,70.37037037,1.801,0.2,11.173,67.4503,68.1,16.9,14.5,28.4,77.2,40.7,34.0,2,119.979,97.1195,22.8595,0.932,82.35294118,1.986,73.326,29.572,72.3118,73.2,18.4,16.9,31.1,73.8,38.0,38.2,0
1,119.362,94.8154,24.5463,0.945,85.29411765,1.238,58.603,31.016,64.3846,64.8,17.0,15.4,38.3,76.7,38.1,32.6,16,106.175,118.425,-12.2499,0.216,53.125,1.943,0.2,5.422,68.7636,69.5,16.3,21.4,31.4,71.1,37.0,34.4,1
16,106.175,118.425,-12.2499,0.216,53.125,1.943,0.2,5.422,68.7636,69.5,16.3,21.4,31.4,71.1,37.0,34.4,1,119.362,94.8154,24.5463,0.945,85.29411765,1.238,58.603,31.016,64.3846,64.8,17.0,15.4,38.3,76.7,38.1,32.6,0
8,114.701,96.0133,18.6881,0.899,76.47058824,2.802,47.843,27.313,71.7989,72.2,18.4,20.9,31.0,67.7,28.8,35.6,9,114.275,96.0455,18.2298,0.874,90.625,2.036,17.083,16.095,68.4356,68.9,16.7,18.3,30.4,75.5,43.8,37.2,1
9,114.275,96.0455,18.2298,0.874,90.625,2.036,17.083,16.095,68.4356,68.9,16.7,18.3,30.4,75.5,43.8,37.2,8,114.701,96.0133,18.6881,0.899,76.47058824,2.802,47.843,27.313,71.7989,72.2,18.4,20.9,31.0,67.7,28.8,35.6,0
5,113.242,94.7531,18.4885,0.892,76.47058824,0.878,81.592,26.527,65.258,65.9,18.2,16.6,36.2,74.1,35.4,33.6,12,115.289,102.04,13.2487,0.761,86.66666667,2.744,19.093,13.482,70.4986,71.2,13.2,17.6,24.5,72.6,45.8,37.0,0
12,115.289,102.04,13.2487,0.761,86.66666667,2.744,19.093,13.482,70.4986,71.2,13.2,17.6,24.5,72.6,45.8,37.0,5,113.242,94.7531,18.4885,0.892,76.47058824,0.878,81.592,26.527,65.258,65.9,18.2,16.6,36.2,74.1,35.4,33.6,1
4,112.675,87.97,24.7052,0.949,69.6969697,1.911,60.04,28.429,65.5272,66.3,18.1,22.2,36.8,73.1,40.4,32.9,13,112.243,104.042,8.20091,0.715,76.66666667,2.179,25.412,14.493,68.4083,69.2,17.5,18.1,33.8,73.6,31.7,36.6,0
13,112.243,104.042,8.20091,0.715,76.66666667,2.179,25.412,14.493,68.4083,69.2,17.5,18.1,33.8,73.6,31.7,36.6,4,112.675,87.97,24.7052,0.949,69.6969697,1.911,60.04,28.429,65.5272,66.3,18.1,22.2,36.8,73.1,40.4,32.9,1
6,117.41,99.6115,17.7987,0.862,65.625,1.982,61.864,29.746,66.0118,66.7,17.3,16.8,38.7,74.5,30.1,35.4,11,116.847,102.117,14.7305,0.825,65.625,1.89,60.631,29.545,66.9051,67.7,16.9,16.9,35.2,73.3,31.6,35.1,0
11,116.847,102.117,14.7305,0.825,65.625,1.89,60.631,29.545,66.9051,67.7,16.9,16.9,35.2,73.3,31.6,35.1,6,117.41,99.6115,17.7987,0.862,65.625,1.982,61.864,29.746,66.0118,66.7,17.3,16.8,38.7,74.5,30.1,35.4,1
3,112.516,94.2021,18.3143,0.875,71.875,2.51,48.155,30.879,70.2112,70.7,20.0,20.7,31.1,70.8,36.3,34.0,14,105.36,99.6121,5.74793,0.693,71.875,2.337,12.887,13.113,66.4692,67.1,17.6,20.1,25.7,74.5,33.3,32.0,0
14,105.36,99.6121,5.74793,0.693,71.875,2.337,12.887,13.113,66.4692,67.1,17.6,20.1,25.7,74.5,33.3,32.0,3,112.516,94.2021,18.3143,0.875,71.875,2.51,48.155,30.879,70.2112,70.7,20.0,20.7,31.1,70.8,36.3,34.0,1
7,113.4,96.6898,16.7099,0.864,61.29032258,2.001,70.568,34.618,64.9304,65.6,16.4,14.7,27.4,74.8,33.1,39.5,10,113.122,97.4891,15.6327,0.832,68.75,1.669,71.583,27.758,68.1465,68.9,18.1,18.1,29.0,67.0,33.0,34.5,0
10,113.122,97.4891,15.6327,0.832,68.75,1.669,71.583,27.758,68.1465,68.9,18.1,18.1,29.0,67.0,33.0,34.5,7,113.4,96.6898,16.7099,0.864,61.29032258,2.001,70.568,34.618,64.9304,65.6,16.4,14.7,27.4,74.8,33.1,39.5,1
2,119.308,97.4789,21.8296,0.922,82.35294118,1.289,59.052,30.614,68.3572,69.3,15.2,22.8,26.5,67.9,41.9,34.8,15,109.778,104.357,5.42124,0.676,68.75,2.423,4.102,13.048,64.6048,65.4,14.2,16.8,19.3,77.5,43.3,36.2,0
15,109.778,104.357,5.42124,0.676,68.75,2.423,4.102,13.048,64.6048,65.4,14.2,16.8,19.3,77.5,43.3,36.2,2,119.308,97.4789,21.8296,0.922,82.35294118,1.289,59.052,30.614,68.3572,69.3,15.2,22.8,26.5,67.9,41.9,34.8,1
1,118.387,89.5678,28.8196,0.964,91.17647059,1.611,68.424,23.376,63.3299,64.0,15.3,22.0,37.1,72.6,37.8,34.5,16,103.337,102.82,0.516867,0.5,62.5,2.025,3.153,10.838,62.0433,62.6,17.5,23.2,31.3,67.2,40.7,35.2,0
16,103.337,102.82,0.516867,0.5,62.5,2.025,3.153,10.838,62.0433,62.6,17.5,23.2,31.3,67.2,40.7,35.2,1,118.387,89.5678,28.8196,0.964,91.17647059,1.611,68.424,23.376,63.3299,64.0,15.3,22.0,37.1,72.6,37.8,34.5,1
8,120.475,104.873,15.6021,0.844,59.375,2.022,48.548,30.692,69.5377,70.4,14.1,18.5,32.2,72.4,37.4,34.3,9,112.689,95.2408,17.4484,0.881,62.5,2.195,47.081,30.519,67.6112,68.4,18.1,19.3,33.3,68.0,35.4,31.4,1
9,112.689,95.2408,17.4484,0.881,62.5,2.195,47.081,30.519,67.6112,68.4,18.1,19.3,33.3,68.0,35.4,31.4,8,120.475,104.873,15.6021,0.844,59.375,2.022,48.548,30.692,69.5377,70.4,14.1,18.5,32.2,72.4,37.4,34.3,0
5,118.233,103.319,14.9148,0.842,78.125,2.099,44.964,23.676,68.8527,69.5,16.4,18.1,32.0,71.0,34.6,36.8,12,109.84,97.3312,12.5086,0.791,78.78787879,2.268,12.076,12.124,66.4238,67.1,15.5,17.7,24.3,77.6,36.3,36.7,0
12,109.84,97.3312,12.5086,0.791,78.78787879,2.268,12.076,12.124,66.4238,67.1,15.5,17.7,24.3,77.6,36.3,36.7,5,118.233,103.319,14.9148,0.842,78.125,2.099,44.964,23.676,68.8527,69.5,16.4,18.1,32.0,71.0,34.6,36.8,1
4,114.651,97.2921,17.3586,0.864,66.66666667,1.806,83.728,33.014,68.1266,68.9,16.9,16.3,28.0,72.1,26.3,37.0,13,108.347,96.4498,11.8972,0.779,81.25,2.393,0.364,14.799,68.0538,68.8,16.3,22.6,30.9,69.8,38.6,33.2,0
13,108.347,96.4498,11.8972,0.779,81.25,2.393,0.364,14.799,68.0538,68.8,16.3,22.6,30.9,69.8,38.6,33.2,4,114.651,97.2921,17.3586,0.864,66.66666667,1.806,83.728,33.014,68.1266,68.9,16.9,16.3,28.0,72.1,26.3,37.0,1
6,109.884,91.5493,18.3345,0.893,59.375,2.387,35.584,37.116,64.3155,64.9,19.8,25.1,33.9,73.4,33.8,33.9,11,115.103,103.837,11.2663,0.766,66.66666667,2.248,25.648,23.352,67.3196,68.1,16.4,16.7,30.4,71.8,44.1,36.0,1
11,115.103,103.837,11.2663,0.766,66.66666667,2.248,25.648,23.352,67.3196,68.1,16.4,16.7,30.4,71.8,44.1,36.0,6,109.884,91.5493,18.3345,0.893,59.375,2.387,35.584,37.116,64.3155,64.9,19.8,25.1,33.9,73.4,33.8,33.9,0
3,119.297,99.604,19.693,0.895,73.52941176,2.432,53.584,31.866,70.3573,71.2,17.5,16.5,31.8,74.6,31.3,39.5,14,106.304,102.661,3.64263,0.623,74.19354839,2.375,21.424,14.413,68.5425,69.3,17.9,19.6,27.5,74.2,37.9,37.1,0
14,106.304,102.661,3.64263,0.623,74.19354839,2.375,21.424,14.413,68.5425,69.3,17.9,19.6,27.5,74.2,37.9,37.1,3,119.297,99.604,19.693,0.895,73.52941176,2.432,53.584,31.866,70.3573,71.2,17.5,16.5,31.8,74.6,31.3,39.5,1
7,114.483,96.1997,18.2834,0.885,73.52941176,2.182,48.574,27.473,66.1613,67.0,18.3,21.0,36.6,69.6,33.7,32.8,10,116.826,101.79,15.0367,0.84,62.85714286,2.446,28.67,29.963,64.6096,65.3,13.7,13.1,18.8,74.9,47.4,38.5,1
10,116.826,101.79,15.0367,0.84,62.85714286,2.446,28.67,29.963,64.6096,65.3,13.7,13.1,18.8,74.9,47.4,38.5,7,114.483,96.1997,18.2834,0.885,73.52941176,2.182,48.574,27.473,66.1613,67.0,18.3,21.0,36.6,69.6,33.7,32.8,0
2,116.581,92.0106,24.5707,0.929,76.47058824,2.221,67.877,34.531,69.1219,69.5,16.5,22.8,28.3,70.6,35.0,33.9,15,112.963,107.67,5.29267,0.651,75.75757576,2.225,0.2,8.434,67.8783,68.4,14.9,17.6,24.9,75.9,34.8,40.9,0
15,112.963,107.67,5.29267,0.651,75.75757576,2.225,0.2,8.434,67.8783,68.4,14.9,17.6,24.9,75.9,34.8,40.9,2,116.581,92.0106,24.5707,0.929,76.47058824,2.221,67.877,34.531,69.1219,69.5,16.5,22.8,28.3,70.6,35.0,33.9,1
1,114.61,91.4741,23.1356,0.918,79.41176471,1.524,69.643,38.229,69.2715,69.9,17.5,20.2,28.4,71.7,34.1,34.4,16,103.701,106.914,-3.21361,0.37,61.29032258,1.589,10.987,9.971,68.9681,69.7,22.8,20.7,33.8,68.4,36.1,37.2,0
16,103.701,106.914,-3.21361,0.37,61.29032258,1.589,10.987,9.971,68.9681,69.7,22.8,20.7,33.8,68.4,36.1,37.2,1,114.61,91.4741,23.1356,0.918,79.41176471,1.524,69.643,38.229,69.2715,69.9,17.5,20.2,28.4,71.7,34.1,34.4,1
8,112.596,93.9677,18.6287,0.894,60.60606061,1.415,70.997,30.654,69.6808,70.4,18.3,20.4,30.5,71.8,28.2,31.7,9,112.167,95.6864,16.4805,0.839,62.5,1.41,80.461,30.112,69.3873,70.5,18.2,18.6,32.3,73.2,41.9,30.9,0
9,112.167,95.6864,16.4805,0.839,62.5,1.41,80.461,30.112,69.3873,70.5,18.2,18.6,32.3,73.2,41.9,30.9,8,112.596,93.9677,18.6287,0.894,60.60606061,1.415,70.997,30.654,69.6808,70.4,18.3,20.4,30.5,71.8,28.2,31.7,1
5,113.47,91.5736,21.896,0.931,78.125,1.904,32.764,22.971,61.7454,62.8,16.4,19.0,33.1,78.2,37.0,36.7,12,107.195,94.0449,13.1498,0.785,79.41176471,1.702,48.265,15.572,68.0086,68.8,19.5,24.1,29.0,70.2,32.8,34.7,0
12,107.195,94.0449,13.1498,0.785,79.41176471,1.702,48.265,15.572,68.0086,68.8,19.5,24.1,29.0,70.2,32.8,34.7,5,113.47,91.5736,21.896,0.931,78.125,1.904,32.764,22.971,61.7454,62.8,16.4,19.0,33.1,78.2,37.0,36.7,1
4,119.437,94.0686,25.3686,0.947,75.75757576,1.724,62.486,29.244,66.6901,67.7,18.9,19.4,39.2,73.8,42.0,35.7,13,110.856,99.1448,11.7114,0.789,79.41176471,1.854,4.177,9.85,68.8987,69.5,15.3,20.9,32.0,69.5,32.1,36.0,0
13,110.856,99.1448,11.7114,0.789,79.41176471,1.854,4.177,9.85,68.8987,69.5,15.3,20.9,32.0,69.5,32.1,36.0,4,119.437,94.0686,25.3686,0.947,75.75757576,1.724,62.486,29.244,66.6901,67.7,18.9,19.4,39.2,73.8,42.0,35.7,1
6,112.366,94.3027,18.0633,0.873,63.63636364,2.438,60.589,32.804,69.8117,70.6,17.1,21.9,32.4,69.3,29.4,30.6,11,107.586,95.2101,12.3762,0.8,64.70588235,2.242,48.279,28.637,68.4035,69.1,16.9,20.6,29.6,68.2,39.5,31.4,0
11,107.586,95.2101,12.3762,0.8,64.70588235,2.242,48.279,28.637,68.4035,69.1,16.9,20.6,29.6,68.2,39.5,31.4,6,112.366,94.3027,18.0633,0.873,63.63636364,2.438,60.589,32.804,69.8117,70.6,17.1,21.9,32.4,69.3,29.4,30.6,1
3,124.004,99.6937,24.3101,0.925,84.375,2.291,76.992,26.846,70.0663,70.7,14.6,18.8,31.1,74.0,32.8,38.4,14,112.317,106.325,5.99141,0.639,65.625,2.289,20.262,14.646,65.1541,65.7,18.4,15.0,30.5,69.7,40.8,37.6,0
14,112.317,106.325,5.99141,0.639,65.625,2.289,20.262,14.646,65.1541,65.7,18.4,15.0,30.5,69.7,40.8,37.6,3,124.004,99.6937,24.3101,0.925,84.375,2.291,76.992,26.846,70.0663,70.7,14.6,18.8,31.1,74.0,32.8,38.4,1
7,108.511,93.6787,14.8321,0.85,65.625,2.315,46.694,28.65,64.9195,65.6,14.8,21.7,28.3,72.7,41.2,32.1,10,110.969,93.8352,17.1342,0.852,71.875,2.119,17.176,24.425,66.5002,67.3,16.7,17.7,26.4,76.2,37.9,36.0,0
10,110.969,93.8352,17.1342,0.852,71.875,2.119,17.176,24.425,66.5002,67.3,16.7,17.7,26.4,76.2,37.9,36.0,7,108.511,93.6787,14.8321,0.85,65.625,2.315,46.694,28.65,64.9195,65.6,14.8,21.7,28.3,72.7,41.2,32.1,1
2,114.875,87.2423,27.6323,0.951,85.29411765,1.868,83.585,28.811,66.2741,67.0,15.3,23.6,33.7,72.4,29.1,34.7,15,104.141,102.635,1.50642,0.466,78.125,2.721,10.661,10.618,68.5066,69.1,20.0,17.9,25.8,71.3,37.2,38.8,0
15,104.141,102.635,1.50642,0.466,78.125,2.721,10.661,10.618,68.5066,69.1,20.0,17.9,25.8,71.3,37.2,38.8,2,114.875,87.2423,27.6323,0.951,85.29411765,1.868,83.585,28.811,66.2741,67.0,15.3,23.6,33.7,72.4,29.1,34.7,1
1,116.097,88.5549,27.5425,0.956,85.29411765,1.13,66.119,33.7,72.7469,73.5,19.0,15.9,33.8,72.5,47.8,33.8,8,114.136,95.7662,18.3703,0.863,63.63636364,2.471,44.421,29.227,64.6104,65.4,16.2,18.4,30.2,72.8,37.5,33.0,0
8,114.136,95.7662,18.3703,0.863,63.63636364,2.471,44.421,29.227,64.6104,65.4,16.2,18.4,30.2,72.8,37.5,33.0,1,116.097,88.5549,27.5425,0.956,85.29411765,1.13,66.119,33.7,72.7469,73.5,19.0,15.9,33.8,72.5,47.8,33.8,1
5,111.929,91.6744,20.2549,0.919,81.25,2.718,37.236,25.602,66.009,66.8,17.6,19.6,31.7,74.2,34.9,34.4,13,114.2,105.775,8.42507,0.697,77.41935484,1.893,4.159,10.319,68.4584,69.1,15.8,18.4,29.6,72.9,46.4,34.4,0
13,114.2,105.775,8.42507,0.697,77.41935484,1.893,4.159,10.319,68.4584,69.1,15.8,18.4,29.6,72.9,46.4,34.4,5,111.929,91.6744,20.2549,0.919,81.25,2.718,37.236,25.602,66.009,66.8,17.6,19.6,31.7,74.2,34.9,34.4,1
6,114.621,93.9665,20.6545,0.913,63.63636364,1.549,67.359,32.269,67.9808,68.6,16.6,14.3,25.5,76.7,42.0,36.0,3,121.852,101.871,19.9811,0.904,68.75,1.843,57.276,36.633,66.551,67.7,18.1,19.9,34.7,68.9,45.3,37.2,0
3,121.852,101.871,19.9811,0.904,68.75,1.843,57.276,36.633,66.551,67.7,18.1,19.9,34.7,68.9,45.3,37.2,6,114.621,93.9665,20.6545,0.913,63.63636364,1.549,67.359,32.269,67.9808,68.6,16.6,14.3,25.5,76.7,42.0,36.0,1
7,119.289,105.37,13.9186,0.806,72.72727273,2.645,21.934,28.374,69.1078,70.0,16.0,24.3,26.8,62.7,43.3,36.1,15,109.093,103.527,5.5658,0.659,70.37037037,1.801,0.2,11.173,67.4503,68.1,16.9,14.5,28.4,77.2,40.7,34.0,1
15,109.093,103.527,5.5658,0.659,70.37037037,1.801,0.2,11.173,67.4503,68.1,16.9,14.5,28.4,77.2,40.7,34.0,7,119.289,105.37,13.9186,0.806,72.72727273,2.645,21.934,28.374,69.1078,70.0,16.0,24.3,26.8,62.7,43.3,36.1,0
16,106.175,118.425,-12.2499,0.216,53.125,1.943,0.2,5.422,68.7636,69.5,16.3,21.4,31.4,71.1,37.0,34.4,9,114.275,96.0455,18.2298,0.874,90.625,2.036,17.083,16.095,68.4356,68.9,16.7,18.3,30.4,75.5,43.8,37.2,1
9,114.275,96.0455,18.2298,0.874,90.625,2.036,17.083,16.095,68.4356,68.9,16.7,18.3,30.4,75.5,43.8,37.2,16,106.175,118.425,-12.2499,0.216,53.125,1.943,0.2,5.422,68.7636,69.5,16.3,21.4,31.4,71.1,37.0,34.4,0
5,113.242,94.7531,18.4885,0.892,76.47058824,0.878,81.592,26.527,65.258,65.9,18.2,16.6,36.2,74.1,35.4,33.6,4,112.675,87.97,24.7052,0.949,69.6969697,1.911,60.04,28.429,65.5272,66.3,18.1,22.2,36.8,73.1,40.4,32.9,1
4,112.675,87.97,24.7052,0.949,69.6969697,1.911,60.04,28.429,65.5272,66.3,18.1,22.2,36.8,73.1,40.4,32.9,5,113.242,94.7531,18.4885,0.892,76.47058824,0.878,81.592,26.527,65.258,65.9,18.2,16.6,36.2,74.1,35.4,33.6,0
6,117.41,99.6115,17.7987,0.862,65.625,1.982,61.864,29.746,66.0118,66.7,17.3,16.8,38.7,74.5,30.1,35.4,3,112.516,94.2021,18.3143,0.875,71.875,2.51,48.155,30.879,70.2112,70.7,20.0,20.7,31.1,70.8,36.3,34.0,1
3,112.516,94.2021,18.3143,0.875,71.875,2.51,48.155,30.879,70.2112,70.7,20.0,20.7,31.1,70.8,36.3,34.0,6,117.41,99.6115,17.7987,0.862,65.625,1.982,61.864,29.746,66.0118,66.7,17.3,16.8,38.7,74.5,30.1,35.4,0
7,113.4,96.6898,16.7099,0.864,61.29032258,2.001,70.568,34.618,64.9304,65.6,16.4,14.7,27.4,74.8,33.1,39.5,2,119.308,97.4789,21.8296,0.922,82.35294118,1.289,59.052,30.614,68.3572,69.3,15.2,22.8,26.5,67.9,41.9,34.8,0
2,119.308,97.4789,21.8296,0.922,82.35294118,1.289,59.052,30.614,68.3572,69.3,15.2,22.8,26.5,67.9,41.9,34.8,7,113.4,96.6898,16.7099,0.864,61.29032258,2.001,70.568,34.618,64.9304,65.6,16.4,14.7,27.4,74.8,33.1,39.5,1
1,118.387,89.5678,28.8196,0.964,91.17647059,1.611,68.424,23.376,63.3299,64.0,15.3,22.0,37.1,72.6,37.8,34.5,9,112.689,95.2408,17.4484,0.881,62.5,2.195,47.081,30.519,67.6112,68.4,18.1,19.3,33.3,68.0,35.4,31.4,0
9,112.689,95.2408,17.4484,0.881,62.5,2.195,47.081,30.519,67.6112,68.4,18.1,19.3,33.3,68.0,35.4,31.4,1,118.387,89.5678,28.8196,0.964,91.17647059,1.611,68.424,23.376,63.3299,64.0,15.3,22.0,37.1,72.6,37.8,34.5,1
5,118.233,103.319,14.9148,0.842,78.125,2.099,44.964,23.676,68.8527,69.5,16.4,18.1,32.0,71.0,34.6,36.8,4,114.651,97.2921,17.3586,0.864,66.66666667,1.806,83.728,33.014,68.1266,68.9,16.9,16.3,28.0,72.1,26.3,37.0,0
4,114.651,97.2921,17.3586,0.864,66.66666667,1.806,83.728,33.014,68.1266,68.9,16.9,16.3,28.0,72.1,26.3,37.0,5,118.233,103.319,14.9148,0.842,78.125,2.099,44.964,23.676,68.8527,69.5,16.4,18.1,32.0,71.0,34.6,36.8,1
11,115.103,103.837,11.2663,0.766,66.66666667,2.248,25.648,23.352,67.3196,68.1,16.4,16.7,30.4,71.8,44.1,36.0,3,119.297,99.604,19.693,0.895,73.52941176,2.432,53.584,31.866,70.3573,71.2,17.5,16.5,31.8,74.6,31.3,39.5,1
3,119.297,99.604,19.693,0.895,73.52941176,2.432,53.584,31.866,70.3573,71.2,17.5,16.5,31.8,74.6,31.3,39.5,11,115.103,103.837,11.2663,0.766,66.66666667,2.248,25.648,23.352,67.3196,68.1,16.4,16.7,30.4,71.8,44.1,36.0,0
10,116.826,101.79,15.0367,0.84,62.85714286,2.446,28.67,29.963,64.6096,65.3,13.7,13.1,18.8,74.9,47.4,38.5,2,116.581,92.0106,24.5707,0.929,76.47058824,2.221,67.877,34.531,69.1219,69.5,16.5,22.8,28.3,70.6,35.0,33.9,1
2,116.581,92.0106,24.5707,0.929,76.47058824,2.221,67.877,34.531,69.1219,69.5,16.5,22.8,28.3,70.6,35.0,33.9,10,116.826,101.79,15.0367,0.84,62.85714286,2.446,28.67,29.963,64.6096,65.3,13.7,13.1,18.8,74.9,47.4,38.5,0
1,114.61,91.4741,23.1356,0.918,79.41176471,1.524,69.643,38.229,69.2715,69.9,17.5,20.2,28.4,71.7,34.1,34.4,8,112.596,93.9677,18.6287,0.894,60.60606061,1.415,70.997,30.654,69.6808,70.4,18.3,20.4,30.5,71.8,28.2,31.7,1
8,112.596,93.9677,18.6287,0.894,60.60606061,1.415,70.997,30.654,69.6808,70.4,18.3,20.4,30.5,71.8,28.2,31.7,1,114.61,91.4741,23.1356,0.918,79.41176471,1.524,69.643,38.229,69.2715,69.9,17.5,20.2,28.4,71.7,34.1,34.4,0
5,113.47,91.5736,21.896,0.931,78.125,1.904,32.764,22.971,61.7454,62.8,16.4,19.0,33.1,78.2,37.0,36.7,4,119.437,94.0686,25.3686,0.947,75.75757576,1.724,62.486,29.244,66.6901,67.7,18.9,19.4,39.2,73.8,42.0,35.7,1
4,119.437,94.0686,25.3686,0.947,75.75757576,1.724,62.486,29.244,66.6901,67.7,18.9,19.4,39.2,73.8,42.0,35.7,5,113.47,91.5736,21.896,0.931,78.125,1.904,32.764,22.971,61.7454,62.8,16.4,19.0,33.1,78.2,37.0,36.7,0
6,112.366,94.3027,18.0633,0.873,63.63636364,2.438,60.589,32.804,69.8117,70.6,17.1,21.9,32.4,69.3,29.4,30.6,3,124.004,99.6937,24.3101,0.925,84.375,2.291,76.992,26.846,70.0663,70.7,14.6,18.8,31.1,74.0,32.8,38.4,1
3,124.004,99.6937,24.3101,0.925,84.375,2.291,76.992,26.846,70.0663,70.7,14.6,18.8,31.1,74.0,32.8,38.4,6,112.366,94.3027,18.0633,0.873,63.63636364,2.438,60.589,32.804,69.8117,70.6,17.1,21.9,32.4,69.3,29.4,30.6,0
7,108.511,93.6787,14.8321,0.85,65.625,2.315,46.694,28.65,64.9195,65.6,14.8,21.7,28.3,72.7,41.2,32.1,2,114.875,87.2423,27.6323,0.951,85.29411765,1.868,83.585,28.811,66.2741,67.0,15.3,23.6,33.7,72.4,29.1,34.7,1
2,114.875,87.2423,27.6323,0.951,85.29411765,1.868,83.585,28.811,66.2741,67.0,15.3,23.6,33.7,72.4,29.1,34.7,7,108.511,93.6787,14.8321,0.85,65.625,2.315,46.694,28.65,64.9195,65.6,14.8,21.7,28.3,72.7,41.2,32.1,0
1,116.097,88.5549,27.5425,0.956,85.29411765,1.13,66.119,33.7,72.7469,73.5,19.0,15.9,33.8,72.5,47.8,33.8,5,111.929,91.6744,20.2549,0.919,81.25,2.718,37.236,25.602,66.009,66.8,17.6,19.6,31.7,74.2,34.9,34.4,1
5,111.929,91.6744,20.2549,0.919,81.25,2.718,37.236,25.602,66.009,66.8,17.6,19.6,31.7,74.2,34.9,34.4,1,116.097,88.5549,27.5425,0.956,85.29411765,1.13,66.119,33.7,72.7469,73.5,19.0,15.9,33.8,72.5,47.8,33.8,0
6,114.621,93.9665,20.6545,0.913,63.63636364,1.549,67.359,32.269,67.9808,68.6,16.6,14.3,25.5,76.7,42.0,36.0,15,109.093,103.527,5.5658,0.659,70.37037037,1.801,0.2,11.173,67.4503,68.1,16.9,14.5,28.4,77.2,40.7,34.0,0
15,109.093,103.527,5.5658,0.659,70.37037037,1.801,0.2,11.173,67.4503,68.1,16.9,14.5,28.4,77.2,40.7,34.0,6,114.621,93.9665,20.6545,0.913,63.63636364,1.549,67.359,32.269,67.9808,68.6,16.6,14.3,25.5,76.7,42.0,36.0,1
9,114.275,96.0455,18.2298,0.874,90.625,2.036,17.083,16.095,68.4356,68.9,16.7,18.3,30.4,75.5,43.8,37.2,4,112.675,87.97,24.7052,0.949,69.6969697,1.911,60.04,28.429,65.5272,66.3,18.1,22.2,36.8,73.1,40.4,32.9,0
4,112.675,87.97,24.7052,0.949,69.6969697,1.911,60.04,28.429,65.5272,66.3,18.1,22.2,36.8,73.1,40.4,32.9,9,114.275,96.0455,18.2298,0.874,90.625,2.036,17.083,16.095,68.4356,68.9,16.7,18.3,30.4,75.5,43.8,37.2,1
3,112.516,94.2021,18.3143,0.875,71.875,2.51,48.155,30.879,70.2112,70.7,20.0,20.7,31.1,70.8,36.3,34.0,7,113.4,96.6898,16.7099,0.864,61.29032258,2.001,70.568,34.618,64.9304,65.6,16.4,14.7,27.4,74.8,33.1,39.5,0
7,113.4,96.6898,16.7099,0.864,61.29032258,2.001,70.568,34.618,64.9304,65.6,16.4,14.7,27.4,74.8,33.1,39.5,3,112.516,94.2021,18.3143,0.875,71.875,2.51,48.155,30.879,70.2112,70.7,20.0,20.7,31.1,70.8,36.3,34.0,1
1,118.387,89.5678,28.8196,0.964,91.17647059,1.611,68.424,23.376,63.3299,64.0,15.3,22.0,37.1,72.6,37.8,34.5,5,118.233,103.319,14.9148,0.842,78.125,2.099,44.964,23.676,68.8527,69.5,16.4,18.1,32.0,71.0,34.6,36.8,1
5,118.233,103.319,14.9148,0.842,78.125,2.099,44.964,23.676,68.8527,69.5,16.4,18.1,32.0,71.0,34.6,36.8,1,118.387,89.5678,28.8196,0.964,91.17647059,1.611,68.424,23.376,63.3299,64.0,15.3,22.0,37.1,72.6,37.8,34.5,0
3,119.297,99.604,19.693,0.895,73.52941176,2.432,53.584,31.866,70.3573,71.2,17.5,16.5,31.8,74.6,31.3,39.5,2,116.581,92.0106,24.5707,0.929,76.47058824,2.221,67.877,34.531,69.1219,69.5,16.5,22.8,28.3,70.6,35.0,33.9,1
2,116.581,92.0106,24.5707,0.929,76.47058824,2.221,67.877,34.531,69.1219,69.5,16.5,22.8,28.3,70.6,35.0,33.9,3,119.297,99.604,19.693,0.895,73.52941176,2.432,53.584,31.866,70.3573,71.2,17.5,16.5,31.8,74.6,31.3,39.5,0
8,112.596,93.9677,18.6287,0.894,60.60606061,1.415,70.997,30.654,69.6808,70.4,18.3,20.4,30.5,71.8,28.2,31.7,4,119.437,94.0686,25.3686,0.947,75.75757576,1.724,62.486,29.244,66.6901,67.7,18.9,19.4,39.2,73.8,42.0,35.7,1
4,119.437,94.0686,25.3686,0.947,75.75757576,1.724,62.486,29.244,66.6901,67.7,18.9,19.4,39.2,73.8,42.0,35.7,8,112.596,93.9677,18.6287,0.894,60.60606061,1.415,70.997,30.654,69.6808,70.4,18.3,20.4,30.5,71.8,28.2,31.7,0
3,124.004,99.6937,24.3101,0.925,84.375,2.291,76.992,26.846,70.0663,70.7,14.6,18.8,31.1,74.0,32.8,38.4,2,114.875,87.2423,27.6323,0.951,85.29411765,1.868,83.585,28.811,66.2741,67.0,15.3,23.6,33.7,72.4,29.1,34.7,0
2,114.875,87.2423,27.6323,0.951,85.29411765,1.868,83.585,28.811,66.2741,67.0,15.3,23.6,33.7,72.4,29.1,34.7,3,124.004,99.6937,24.3101,0.925,84.375,2.291,76.992,26.846,70.0663,70.7,14.6,18.8,31.1,74.0,32.8,38.4,1
5,111.929,91.6744,20.2549,0.919,81.25,2.718,37.236,25.602,66.009,66.8,17.6,19.6,31.7,74.2,34.9,34.4,6,114.621,93.9665,20.6545,0.913,63.63636364,1.549,67.359,32.269,67.9808,68.6,16.6,14.3,25.5,76.7,42.0,36.0,0
6,114.621,93.9665,20.6545,0.913,63.63636364,1.549,67.359,32.269,67.9808,68.6,16.6,14.3,25.5,76.7,42.0,36.0,5,111.929,91.6744,20.2549,0.919,81.25,2.718,37.236,25.602,66.009,66.8,17.6,19.6,31.7,74.2,34.9,34.4,1
9,114.275,96.0455,18.2298,0.874,90.625,2.036,17.083,16.095,68.4356,68.9,16.7,18.3,30.4,75.5,43.8,37.2,3,112.516,94.2021,18.3143,0.875,71.875,2.51,48.155,30.879,70.2112,70.7,20.0,20.7,31.1,70.8,36.3,34.0,0
3,112.516,94.2021,18.3143,0.875,71.875,2.51,48.155,30.879,70.2112,70.7,20.0,20.7,31.1,70.8,36.3,34.0,9,114.275,96.0455,18.2298,0.874,90.625,2.036,17.083,16.095,68.4356,68.9,16.7,18.3,30.4,75.5,43.8,37.2,1
5,118.233,103.319,14.9148,0.842,78.125,2.099,44.964,23.676,68.8527,69.5,16.4,18.1,32.0,71.0,34.6,36.8,2,116.581,92.0106,24.5707,0.929,76.47058824,2.221,67.877,34.531,69.1219,69.5,16.5,22.8,28.3,70.6,35.0,33.9,0
2,116.581,92.0106,24.5707,0.929,76.47058824,2.221,67.877,34.531,69.1219,69.5,16.5,22.8,28.3,70.6,35.0,33.9,5,118.233,103.319,14.9148,0.842,78.125,2.099,44.964,23.676,68.8527,69.5,16.4,18.1,32.0,71.0,34.6,36.8,1
4,119.437,94.0686,25.3686,0.947,75.75757576,1.724,62.486,29.244,66.6901,67.7,18.9,19.4,39.2,73.8,42.0,35.7,3,124.004,99.6937,24.3101,0.925,84.375,2.291,76.992,26.846,70.0663,70.7,14.6,18.8,31.1,74.0,32.8,38.4,0
3,124.004,99.6937,24.3101,0.925,84.375,2.291,76.992,26.846,70.0663,70.7,14.6,18.8,31.1,74.0,32.8,38.4,4,119.437,94.0686,25.3686,0.947,75.75757576,1.724,62.486,29.244,66.6901,67.7,18.9,19.4,39.2,73.8,42.0,35.7,1
5,111.929,91.6744,20.2549,0.919,81.25,2.718,37.236,25.602,66.009,66.8,17.6,19.6,31.7,74.2,34.9,34.4,9,114.275,96.0455,18.2298,0.874,90.625,2.036,17.083,16.095,68.4356,68.9,16.7,18.3,30.4,75.5,43.8,37.2,0
9,114.275,96.0455,18.2298,0.874,90.625,2.036,17.083,16.095,68.4356,68.9,16.7,18.3,30.4,75.5,43.8,37.2,5,111.929,91.6744,20.2549,0.919,81.25,2.718,37.236,25.602,66.009,66.8,17.6,19.6,31.7,74.2,34.9,34.4,1
5,118.233,103.319,14.9148,0.842,78.125,2.099,44.964,23.676,68.8527,69.5,16.4,18.1,32.0,71.0,34.6,36.8,4,119.437,94.0686,25.3686,0.947,75.75757576,1.724,62.486,29.244,66.6901,67.7,18.9,19.4,39.2,73.8,42.0,35.7,1
4,119.437,94.0686,25.3686,0.947,75.75757576,1.724,62.486,29.244,66.6901,67.7,18.9,19.4,39.2,73.8,42.0,35.7,5,118.233,103.319,14.9148,0.842,78.125,2.099,44.964,23.676,68.8527,69.5,16.4,18.1,32.0,71.0,34.6,36.8,0
5,111.929,91.6744,20.2549,0.919,81.25,2.718,37.236,25.602,66.009,66.8,17.6,19.6,31.7,74.2,34.9,34.4,4,119.437,94.0686,25.3686,0.947,75.75757576,1.724,62.486,29.244,66.6901,67.7,18.9,19.4,39.2,73.8,42.0,35.7,1
4,119.437,94.0686,25.3686,0.947,75.75757576,1.724,62.486,29.244,66.6901,67.7,18.9,19.4,39.2,73.8,42.0,35.7,5,111.929,91.6744,20.2549,0.919,81.25,2.718,37.236,25.602,66.009,66.8,17.6,19.6,31.7,74.2,34.9,34.4,0
1,121.805,88.836,32.9688,0.973,89.65517,1.559,86.976,24.951,72.4831,73.8,15.9,17.0,29.0,77.0,35.4,37.9,16,101.532,99.6875,1.84485,0.54,60.0,2.162,28.01,12.187,67.1142,68.2,16.9,22.7,32.8,69.3,36.9,32.3,0
16,101.532,99.6875,1.84485,0.54,60.0,2.162,28.01,12.187,67.1142,68.2,16.9,22.7,32.8,69.3,36.9,32.3,1,121.805,88.836,32.9688,0.973,89.65517,1.559,86.976,24.951,72.4831,73.8,15.9,17.0,29.0,77.0,35.4,37.9,1
8,108.443,92.0306,16.412,0.851,78.78788,2.402,32.117,21.555,64.6171,65.7,18.5,20.1,30.6,78.1,38.6,34.1,9,110.368,94.1479,16.2198,0.875,67.74194,1.725,80.073,26.062,70.2976,71.5,22.9,20.9,37.5,69.0,30.8,35.9,1
9,110.368,94.1479,16.2198,0.875,67.74194,1.725,80.073,26.062,70.2976,71.5,22.9,20.9,37.5,69.0,30.8,35.9,8,108.443,92.0306,16.412,0.851,78.78788,2.402,32.117,21.555,64.6171,65.7,18.5,20.1,30.6,78.1,38.6,34.1,0
5,113.924,94.5963,19.3281,0.879,71.875,2.112,54.692,27.203,64.8837,66.2,17.4,18.0,38.0,72.5,34.2,35.3,12,107.805,97.7021,10.1026,0.726,79.31034,2.364,16.577,14.913,66.1724,67.3,20.7,16.9,33.3,73.8,41.1,33.0,1
12,107.805,97.7021,10.1026,0.726,79.31034,2.364,16.577,14.913,66.1724,67.3,20.7,16.9,33.3,73.8,41.1,33.0,5,113.924,94.5963,19.3281,0.879,71.875,2.112,54.692,27.203,64.8837,66.2,17.4,18.0,38.0,72.5,34.2,35.3,0
4,111.072,92.0511,19.0214,0.88,75.75758,2.292,47.294,27.25,70.59,71.7,17.4,20.6,30.9,74.2,34.3,30.7,13,110.775,97.7084,13.0669,0.778,84.375,2.807,4.679,8.437,64.9527,65.9,14.9,17.1,24.0,81.4,43.1,36.8,0
13,110.775,97.7084,13.0669,0.778,84.375,2.807,4.679,8.437,64.9527,65.9,14.9,17.1,24.0,81.4,43.1,36.8,4,111.072,92.0511,19.0214,0.88,75.75758,2.292,47.294,27.25,70.59,71.7,17.4,20.6,30.9,74.2,34.3,30.7,1
6,116.098,98.7358,17.3625,0.872,59.375,1.646,62.2,34.827,71.7144,72.8,19.8,17.7,35.5,69.3,48.0,30.8,11,111.997,98.3632,13.6336,0.836,67.74194,2.393,72.248,27.584,65.7294,66.6,15.5,15.0,22.1,76.0,43.1,37.8,1
11,111.997,98.3632,13.6336,0.836,67.74194,2.393,72.248,27.584,65.7294,66.6,15.5,15.0,22.1,76.0,43.1,37.8,6,116.098,98.7358,17.3625,0.872,59.375,1.646,62.2,34.827,71.7144,72.8,19.8,17.7,35.5,69.3,48.0,30.8,0
3,109.701,85.0595,24.641,0.943,73.52941,2.456,22.03,35.796,66.455,67.4,20.3,23.6,33.3,73.9,34.4,31.4,14,104.531,100.723,3.80856,0.562,78.125,1.961,7.356,7.984,67.294,68.0,18.5,18.3,26.7,76.7,36.0,37.2,0
14,104.531,100.723,3.80856,0.562,78.125,1.961,7.356,7.984,67.294,68.0,18.5,18.3,26.7,76.7,36.0,37.2,3,109.701,85.0595,24.641,0.943,73.52941,2.456,22.03,35.796,66.455,67.4,20.3,23.6,33.3,73.9,34.4,31.4,1
7,111.275,96.4032,14.8717,0.848,64.70588,1.746,75.799,32.331,67.5067,68.7,19.2,15.3,30.7,73.0,33.4,37.8,10,116.781,101.978,14.8028,0.818,81.25,2.001,36.235,16.861,64.6212,65.7,14.8,16.9,23.6,77.8,41.1,38.4,0
10,116.781,101.978,14.8028,0.818,81.25,2.001,36.235,16.861,64.6212,65.7,14.8,16.9,23.6,77.8,41.1,38.4,7,111.275,96.4032,14.8717,0.848,64.70588,1.746,75.799,32.331,67.5067,68.7,19.2,15.3,30.7,73.0,33.4,37.8,1
2,119.363,95.6508,23.7124,0.943,82.35294,0.988,91.521,28.364,67.3866,68.7,14.9,16.1,31.9,71.5,36.6,36.8,15,104.656,102.553,2.10306,0.466,65.51724,2.33,12.413,10.89,65.9926,67.1,18.1,20.2,29.0,72.0,30.0,33.5,0
15,104.656,102.553,2.10306,0.466,65.51724,2.33,12.413,10.89,65.9926,67.1,18.1,20.2,29.0,72.0,30.0,33.5,2,119.363,95.6508,23.7124,0.943,82.35294,0.988,91.521,28.364,67.3866,68.7,14.9,16.1,31.9,71.5,36.6,36.8,1
1,117.874,91.5538,26.3204,0.952,81.25,1.781,55.889,35.472,67.2084,68.6,18.2,22.9,36.3,71.6,37.7,34.6,16,102.43,102.285,0.14543,0.438,77.77778,2.43,7.809,6.905,66.9322,68.2,19.9,18.5,29.8,72.8,35.8,34.5,0
16,102.43,102.285,0.14543,0.438,77.77778,2.43,7.809,6.905,66.9322,68.2,19.9,18.5,29.8,72.8,35.8,34.5,1,117.874,91.5538,26.3204,0.952,81.25,1.781,55.889,35.472,67.2084,68.6,18.2,22.9,36.3,71.6,37.7,34.6,1
8,113.057,97.0108,16.0459,0.866,72.72727,1.742,87.453,29.665,70.1492,71.2,16.5,14.1,30.4,79.2,37.4,36.2,9,109.787,95.785,14.0024,0.807,61.29032,1.239,58.313,29.119,70.6644,72.1,17.3,19.1,22.4,68.6,41.7,34.7,0
9,109.787,95.785,14.0024,0.807,61.29032,1.239,58.313,29.119,70.6644,72.1,17.3,19.1,22.4,68.6,41.7,34.7,8,113.057,97.0108,16.0459,0.866,72.72727,1.742,87.453,29.665,70.1492,71.2,16.5,14.1,30.4,79.2,37.4,36.2,1
5,109.764,89.9554,19.8082,0.887,77.41935,2.27,32.634,25.887,63.493,64.8,17.1,19.5,27.3,78.1,36.1,35.1,12,107.558,92.6213,14.9367,0.884,60.60606,2.053,72.37,29.313,66.9603,68.2,17.3,17.4,26.9,75.0,31.8,33.9,0
12,107.558,92.6213,14.9367,0.884,60.60606,2.053,72.37,29.313,66.9603,68.2,17.3,17.4,26.9,75.0,31.8,33.9,5,109.764,89.9554,19.8082,0.887,77.41935,2.27,32.634,25.887,63.493,64.8,17.1,19.5,27.3,78.1,36.1,35.1,1
4,116.076,91.2287,24.8472,0.933,78.125,2.209,79.66,27.038,65.5444,66.8,13.4,19.7,31.9,75.2,31.5,35.2,13,106.151,102.661,3.48951,0.558,70.96774,1.974,14.226,9.639,62.0745,63.0,17.7,17.6,29.1,73.7,41.7,35.6,0
13,106.151,102.661,3.48951,0.558,70.96774,1.974,14.226,9.639,62.0745,63.0,17.7,17.6,29.1,73.7,41.7,35.6,4,116.076,91.2287,24.8472,0.933,78.125,2.209,79.66,27.038,65.5444,66.8,13.4,19.7,31.9,75.2,31.5,35.2,1
6,111.812,91.4059,20.4063,0.918,65.625,2.664,78.557,35.097,63.0969,64.1,18.2,23.3,31.9,70.0,36.0,32.3,11,114.268,96.4045,17.8634,0.898,65.71429,2.136,20.673,28.436,62.9067,64.0,17.0,18.8,28.1,73.9,41.4,39.3,0
11,114.268,96.4045,17.8634,0.898,65.71429,2.136,20.673,28.436,62.9067,64.0,17.0,18.8,28.1,73.9,41.4,39.3,6,111.812,91.4059,20.4063,0.918,65.625,2.664,78.557,35.097,63.0969,64.1,18.2,23.3,31.9,70.0,36.0,32.3,1
3,121.268,98.9804,22.2872,0.933,79.41176,1.778,60.487,30.201,65.764,66.8,17.3,14.1,35.2,76.4,39.1,39.1,14,101.474,99.2392,2.23432,0.541,62.06897,1.898,9.416,14.651,68.6807,69.8,18.3,18.2,25.6,73.5,36.3,32.9,0
14,101.474,99.2392,2.23432,0.541,62.06897,1.898,9.416,14.651,68.6807,69.8,18.3,18.2,25.6,73.5,36.3,32.9,3,121.268,98.9804,22.2872,0.933,79.41176,1.778,60.487,30.201,65.764,66.8,17.3,14.1,35.2,76.4,39.1,39.1,1
7,111.518,95.1287,16.389,0.838,93.10345,2.121,18.119,12.852,65.7834,67.0,17.1,21.0,35.5,74.6,37.7,34.7,10,110.756,92.3886,18.3679,0.877,71.875,2.568,3.516,24.113,68.6767,69.8,18.1,18.5,30.3,76.2,44.4,34.7,0
10,110.756,92.3886,18.3679,0.877,71.875,2.568,3.516,24.113,68.6767,69.8,18.1,18.5,30.3,76.2,44.4,34.7,7,111.518,95.1287,16.389,0.838,93.10345,2.121,18.119,12.852,65.7834,67.0,17.1,21.0,35.5,74.6,37.7,34.7,1
2,120.191,93.5959,26.5948,0.939,78.78788,1.856,74.515,32.472,67.3275,68.7,16.6,17.4,37.8,75.1,28.1,34.9,15,98.7512,94.4758,4.27548,0.604,62.06897,1.895,0.2,12.317,65.9614,66.8,20.8,20.9,31.5,72.0,30.3,34.8,1
15,98.7512,94.4758,4.27548,0.604,62.06897,1.895,0.2,12.317,65.9614,66.8,20.8,20.9,31.5,72.0,30.3,34.8,2,120.191,93.5959,26.5948,0.939,78.78788,1.856,74.515,32.472,67.3275,68.7,16.6,17.4,37.8,75.1,28.1,34.9,0
1,119.64,92.431,27.2089,0.943,91.17647,1.191,69.26,24.936,72.1752,73.4,18.0,17.7,34.5,71.7,35.7,35.4,16,106.365,107.231,-0.86607,0.427,60.60606,1.581,9.944,8.923,68.4334,69.6,17.9,18.4,31.3,70.0,32.5,33.0,0
16,106.365,107.231,-0.86607,0.427,60.60606,1.581,9.944,8.923,68.4334,69.6,17.9,18.4,31.3,70.0,32.5,33.0,1,119.64,92.431,27.2089,0.943,91.17647,1.191,69.26,24.936,72.1752,73.4,18.0,17.7,34.5,71.7,35.7,35.4,1
8,108.487,93.5199,14.967,0.826,66.66667,2.526,67.935,28.752,67.2574,68.6,17.5,18.5,32.7,70.9,35.6,33.3,9,108.261,93.3525,14.909,0.841,62.5,1.734,65.515,36.146,65.834,66.9,21.6,18.4,37.8,73.9,32.0,30.3,1
9,108.261,93.3525,14.909,0.841,62.5,1.734,65.515,36.146,65.834,66.9,21.6,18.4,37.8,73.9,32.0,30.3,8,108.487,93.5199,14.967,0.826,66.66667,2.526,67.935,28.752,67.2574,68.6,17.5,18.5,32.7,70.9,35.6,33.3,0
5,117.348,90.8508,26.4976,0.96,85.29412,2.179,51.79,22.655,63.8376,65.1,17.1,21.7,37.8,72.7,39.1,34.1,12,112.489,98.456,14.0333,0.807,78.125,2.645,28.246,14.007,68.7871,69.9,16.3,21.4,33.4,72.6,32.7,38.3,0
12,112.489,98.456,14.0333,0.807,78.125,2.645,28.246,14.007,68.7871,69.9,16.3,21.4,33.4,72.6,32.7,38.3,5,117.348,90.8508,26.4976,0.96,85.29412,2.179,51.79,22.655,63.8376,65.1,17.1,21.7,37.8,72.7,39.1,34.1,1
4,113.725,94.138,19.5866,0.908,70.96774,2.241,54.781,30.786,67.0758,68.1,17.7,15.6,33.4,74.2,42.7,36.7,13,110.028,98.756,11.2724,0.751,78.125,2.605,20.793,14.52,64.6362,65.6,17.0,18.0,32.7,73.7,39.3,34.1,0
13,110.028,98.756,11.2724,0.751,78.125,2.605,20.793,14.52,64.6362,65.6,17.0,18.0,32.7,73.7,39.3,34.1,4,113.725,94.138,19.5866,0.908,70.96774,2.241,54.781,30.786,67.0758,68.1,17.7,15.6,33.4,74.2,42.7,36.7,1
6,114.159,98.3029,15.8566,0.818,82.75862,2.004,19.502,22.01,65.0792,66.4,15.1,18.4,21.9,75.1,39.0,35.7,11,114.207,98.5588,15.6481,0.868,54.83871,1.413,72.575,34.033,66.285,67.2,17.1,15.0,31.2,76.2,32.3,34.0,1
11,114.207,98.5588,15.6481,0.868,54.83871,1.413,72.575,34.033,66.285,67.2,17.1,15.0,31.2,76.2,32.3,34.0,6,114.159,98.3029,15.8566,0.818,82.75862,2.004,19.502,22.01,65.0792,66.4,15.1,18.4,21.9,75.1,39.0,35.7,0
3,111.439,86.1987,25.2399,0.938,78.78788,1.362,69.805,34.071,67.1668,68.3,18.0,22.9,32.8,72.6,40.7,35.8,14,106.108,103.624,2.48399,0.582,78.57143,2.05,4.353,8.664,66.0454,66.8,18.2,20.1,33.6,75.5,37.2,38.6,0
14,106.108,103.624,2.48399,0.582,78.57143,2.05,4.353,8.664,66.0454,66.8,18.2,20.1,33.6,75.5,37.2,38.6,3,111.439,86.1987,25.2399,0.938,78.78788,1.362,69.805,34.071,67.1668,68.3,18.0,22.9,32.8,72.6,40.7,35.8,1
7,116.627,100.804,15.8224,0.857,63.33333,1.936,66.738,29.666,64.9727,66.2,16.7,15.3,28.8,71.4,39.7,37.3,10,110.891,93.196,17.6948,0.849,77.41935,2.525,5.155,19.04,64.5889,65.6,18.4,19.9,25.1,76.1,43.1,38.0,0
10,110.891,93.196,17.6948,0.849,77.41935,2.525,5.155,19.04,64.5889,65.6,18.4,19.9,25.1,76.1,43.1,38.0,7,116.627,100.804,15.8224,0.857,63.33333,1.936,66.738,29.666,64.9727,66.2,16.7,15.3,28.8,71.4,39.7,37.3,1
2,117.95,93.8397,24.1107,0.934,78.78788,2.392,69.071,31.835,62.55,63.6,15.5,18.8,30.9,72.0,46.0,35.9,15,106.849,104.566,2.283,0.597,63.63636,2.079,13.46,12.584,66.6342,67.6,18.4,18.5,26.8,68.8,38.2,35.0,0
15,106.849,104.566,2.283,0.597,63.63636,2.079,13.46,12.584,66.6342,67.6,18.4,18.5,26.8,68.8,38.2,35.0,2,117.95,93.8397,24.1107,0.934,78.78788,2.392,69.071,31.835,62.55,63.6,15.5,18.8,30.9,72.0,46.0,35.9,1
1,119.389,93.8965,25.492,0.951,82.35294,2.082,77.998,36.398,69.0976,70.1,17.8,18.4,33.4,71.1,33.8,35.5,16,98.1424,99.4749,-1.33245,0.45,60.0,2.813,16.145,11.938,67.6207,68.7,21.4,17.4,33.8,71.8,31.4,31.7,0
16,98.1424,99.4749,-1.33245,0.45,60.0,2.813,16.145,11.938,67.6207,68.7,21.4,17.4,33.8,71.8,31.4,31.7,1,119.389,93.8965,25.492,0.951,82.35294,2.082,77.998,36.398,69.0976,70.1,17.8,18.4,33.4,71.1,33.8,35.5,1
8,104.106,85.9549,18.151,0.863,74.19355,2.481,31.863,23.962,65.2809,66.2,19.3,21.7,29.6,73.0,30.8,35.8,9,105.588,92.1195,13.4685,0.801,66.66667,1.319,67.849,27.539,66.8916,67.9,20.5,15.5,28.6,71.6,38.2,30.7,1
9,105.588,92.1195,13.4685,0.801,66.66667,1.319,67.849,27.539,66.8916,67.9,20.5,15.5,28.6,71.6,38.2,30.7,8,104.106,85.9549,18.151,0.863,74.19355,2.481,31.863,23.962,65.2809,66.2,19.3,21.7,29.6,73.0,30.8,35.8,0
5,121.548,98.0208,23.5269,0.922,74.28571,1.681,43.723,28.129,69.5965,70.8,12.9,19.3,32.2,69.8,39.2,36.8,12,109.146,99.3205,9.82501,0.716,65.71429,2.623,15.581,19.541,66.8627,67.8,14.4,18.9,22.4,72.8,42.0,33.8,1
12,109.146,99.3205,9.82501,0.716,65.71429,2.623,15.581,19.541,66.8627,67.8,14.4,18.9,22.4,72.8,42.0,33.8,5,121.548,98.0208,23.5269,0.922,74.28571,1.681,43.723,28.129,69.5965,70.8,12.9,19.3,32.2,69.8,39.2,36.8,0
4,111.929,98.0491,13.8797,0.835,83.33333,2.733,42.028,25.783,65.193,66.5,17.3,15.8,30.5,72.0,38.1,34.3,13,116.763,105.32,11.4429,0.761,87.5,2.058,0.603,11.018,69.4008,70.7,15.3,15.8,24.0,75.8,34.3,44.2,0
13,116.763,105.32,11.4429,0.761,87.5,2.058,0.603,11.018,69.4008,70.7,15.3,15.8,24.0,75.8,34.3,44.2,4,111.929,98.0491,13.8797,0.835,83.33333,2.733,42.028,25.783,65.193,66.5,17.3,15.8,30.5,72.0,38.1,34.3,1
6,107.64,88.5581,19.0816,0.891,66.66667,1.196,72.652,30.073,68.6446,69.8,20.4,25.3,33.7,68.8,34.6,31.9,11,104.382,90.4362,13.9459,0.849,62.5,2.195,47.374,36.278,66.0731,67.3,20.4,24.5,28.2,71.5,37.4,32.1,1
11,104.382,90.4362,13.9459,0.849,62.5,2.195,47.374,36.278,66.0731,67.3,20.4,24.5,28.2,71.5,37.4,32.1,6,107.64,88.5581,19.0816,0.891,66.66667,1.196,72.652,30.073,68.6446,69.8,20.4,25.3,33.7,68.8,34.6,31.9,0
3,110.398,94.8142,15.5839,0.863,77.41935,1.462,62.378,31.803,66.466,67.5,12.7,16.9,25.8,76.0,36.0,31.3,14,108.276,104.059,4.21729,0.576,66.66667,2.413,0.2,9.704,67.2561,68.2,16.9,16.2,26.5,75.2,42.0,40.2,0
14,108.276,104.059,4.21729,0.576,66.66667,2.413,0.2,9.704,67.2561,68.2,16.9,16.2,26.5,75.2,42.0,40.2,3,110.398,94.8142,15.5839,0.863,77.41935,1.462,62.378,31.803,66.466,67.5,12.7,16.9,25.8,76.0,36.0,31.3,1
7,110.473,96.0232,14.4494,0.816,78.78788,2.119,59.267,24.007,66.022,67.1,17.7,14.7,33.8,72.8,32.0,35.4,10,114.756,102.136,12.6207,0.813,69.69697,2.424,65.462,27.253,67.2783,68.5,14.2,20.3,23.4,69.7,35.9,35.3,1
10,114.756,102.136,12.6207,0.813,69.69697,2.424,65.462,27.253,67.2783,68.5,14.2,20.3,23.4,69.7,35.9,35.3,7,110.473,96.0232,14.4494,0.816,78.78788,2.119,59.267,24.007,66.022,67.1,17.7,14.7,33.8,72.8,32.0,35.4,0
2,113.602,89.1491,24.453,0.933,84.375,1.348,61.608,27.557,70.0205,71.0,16.7,20.7,33.2,70.7,39.9,32.0,15,105.325,103.083,2.24147,0.564,65.51724,2.546,6.265,10.698,65.1165,66.2,20.0,17.1,28.3,73.8,42.7,38.2,0
15,105.325,103.083,2.24147,0.564,65.51724,2.546,6.265,10.698,65.1165,66.2,20.0,17.1,28.3,73.8,42.7,38.2,2,113.602,89.1491,24.453,0.933,84.375,1.348,61.608,27.557,70.0205,71.0,16.7,20.7,33.2,70.7,39.9,32.0,1
1,121.805,88.836,32.9688,0.973,89.65517,1.559,86.976,24.951,72.4831,73.8,15.9,17.0,29.0,77.0,35.4,37.9,9,110.368,94.1479,16.2198,0.875,67.74194,1.725,80.073,26.062,70.2976,71.5,22.9,20.9,37.5,69.0,30.8,35.9,0
9,110.368,94.1479,16.2198,0.875,67.74194,1.725,80.073,26.062,70.2976,71.5,22.9,20.9,37.5,69.0,30.8,35.9,1,121.805,88.836,32.9688,0.973,89.65517,1.559,86.976,24.951,72.4831,73.8,15.9,17.0,29.0,77.0,35.4,37.9,1
12,107.805,97.7021,10.1026,0.726,79.31034,2.364,16.577,14.913,66.1724,67.3,20.7,16.9,33.3,73.8,41.1,33.0,4,111.072,92.0511,19.0214,0.88,75.75758,2.292,47.294,27.25,70.59,71.7,17.4,20.6,30.9,74.2,34.3,30.7,1
4,111.072,92.0511,19.0214,0.88,75.75758,2.292,47.294,27.25,70.59,71.7,17.4,20.6,30.9,74.2,34.3,30.7,12,107.805,97.7021,10.1026,0.726,79.31034,2.364,16.577,14.913,66.1724,67.3,20.7,16.9,33.3,73.8,41.1,33.0,0
11,111.997,98.3632,13.6336,0.836,67.74194,2.393,72.248,27.584,65.7294,66.6,15.5,15.0,22.1,76.0,43.1,37.8,3,109.701,85.0595,24.641,0.943,73.52941,2.456,22.03,35.796,66.455,67.4,20.3,23.6,33.3,73.9,34.4,31.4,1
3,109.701,85.0595,24.641,0.943,73.52941,2.456,22.03,35.796,66.455,67.4,20.3,23.6,33.3,73.9,34.4,31.4,11,111.997,98.3632,13.6336,0.836,67.74194,2.393,72.248,27.584,65.7294,66.6,15.5,15.0,22.1,76.0,43.1,37.8,0
7,111.275,96.4032,14.8717,0.848,64.70588,1.746,75.799,32.331,67.5067,68.7,19.2,15.3,30.7,73.0,33.4,37.8,2,119.363,95.6508,23.7124,0.943,82.35294,0.988,91.521,28.364,67.3866,68.7,14.9,16.1,31.9,71.5,36.6,36.8,1
2,119.363,95.6508,23.7124,0.943,82.35294,0.988,91.521,28.364,67.3866,68.7,14.9,16.1,31.9,71.5,36.6,36.8,7,111.275,96.4032,14.8717,0.848,64.70588,1.746,75.799,32.331,67.5067,68.7,19.2,15.3,30.7,73.0,33.4,37.8,0
1,117.874,91.5538,26.3204,0.952,81.25,1.781,55.889,35.472,67.2084,68.6,18.2,22.9,36.3,71.6,37.7,34.6,8,113.057,97.0108,16.0459,0.866,72.72727,1.742,87.453,29.665,70.1492,71.2,16.5,14.1,30.4,79.2,37.4,36.2,1
8,113.057,97.0108,16.0459,0.866,72.72727,1.742,87.453,29.665,70.1492,71.2,16.5,14.1,30.4,79.2,37.4,36.2,1,117.874,91.5538,26.3204,0.952,81.25,1.781,55.889,35.472,67.2084,68.6,18.2,22.9,36.3,71.6,37.7,34.6,0
5,109.764,89.9554,19.8082,0.887,77.41935,2.27,32.634,25.887,63.493,64.8,17.1,19.5,27.3,78.1,36.1,35.1,4,116.076,91.2287,24.8472,0.933,78.125,2.209,79.66,27.038,65.5444,66.8,13.4,19.7,31.9,75.2,31.5,35.2,1
4,116.076,91.2287,24.8472,0.933,78.125,2.209,79.66,27.038,65.5444,66.8,13.4,19.7,31.9,75.2,31.5,35.2,5,109.764,89.9554,19.8082,0.887,77.41935,2.27,32.634,25.887,63.493,64.8,17.1,19.5,27.3,78.1,36.1,35.1,0
6,111.812,91.4059,20.4063,0.918,65.625,2.664,78.557,35.097,63.0969,64.1,18.2,23.3,31.9,70.0,36.0,32.3,3,121.268,98.9804,22.2872,0.933,79.41176,1.778,60.487,30.201,65.764,66.8,17.3,14.1,35.2,76.4,39.1,39.1,1
3,121.268,98.9804,22.2872,0.933,79.41176,1.778,60.487,30.201,65.764,66.8,17.3,14.1,35.2,76.4,39.1,39.1,6,111.812,91.4059,20.4063,0.918,65.625,2.664,78.557,35.097,63.0969,64.1,18.2,23.3,31.9,70.0,36.0,32.3,0
7,111.518,95.1287,16.389,0.838,93.10345,2.121,18.119,12.852,65.7834,67.0,17.1,21.0,35.5,74.6,37.7,34.7,15,98.7512,94.4758,4.27548,0.604,62.06897,1.895,0.2,12.317,65.9614,66.8,20.8,20.9,31.5,72.0,30.3,34.8,1
15,98.7512,94.4758,4.27548,0.604,62.06897,1.895,0.2,12.317,65.9614,66.8,20.8,20.9,31.5,72.0,30.3,34.8,7,111.518,95.1287,16.389,0.838,93.10345,2.121,18.119,12.852,65.7834,67.0,17.1,21.0,35.5,74.6,37.7,34.7,0
1,119.64,92.431,27.2089,0.943,91.17647,1.191,69.26,24.936,72.1752,73.4,18.0,17.7,34.5,71.7,35.7,35.4,9,108.261,93.3525,14.909,0.841,62.5,1.734,65.515,36.146,65.834,66.9,21.6,18.4,37.8,73.9,32.0,30.3,0
9,108.261,93.3525,14.909,0.841,62.5,1.734,65.515,36.146,65.834,66.9,21.6,18.4,37.8,73.9,32.0,30.3,1,119.64,92.431,27.2089,0.943,91.17647,1.191,69.26,24.936,72.1752,73.4,18.0,17.7,34.5,71.7,35.7,35.4,1
5,117.348,90.8508,26.4976,0.96,85.29412,2.179,51.79,22.655,63.8376,65.1,17.1,21.7,37.8,72.7,39.1,34.1,4,113.725,94.138,19.5866,0.908,70.96774,2.241,54.781,30.786,67.0758,68.1,17.7,15.6,33.4,74.2,42.7,36.7,0
4,113.725,94.138,19.5866,0.908,70.96774,2.241,54.781,30.786,67.0758,68.1,17.7,15.6,33.4,74.2,42.7,36.7,5,117.348,90.8508,26.4976,0.96,85.29412,2.179,51.79,22.655,63.8376,65.1,17.1,21.7,37.8,72.7,39.1,34.1,1
11,114.207,98.5588,15.6481,0.868,54.83871,1.413,72.575,34.033,66.285,67.2,17.1,15.0,31.2,76.2,32.3,34.0,3,111.439,86.1987,25.2399,0.938,78.78788,1.362,69.805,34.071,67.1668,68.3,18.0,22.9,32.8,72.6,40.7,35.8,0
3,111.439,86.1987,25.2399,0.938,78.78788,1.362,69.805,34.071,67.1668,68.3,18.0,22.9,32.8,72.6,40.7,35.8,11,114.207,98.5588,15.6481,0.868,54.83871,1.413,72.575,34.033,66.285,67.2,17.1,15.0,31.2,76.2,32.3,34.0,1
7,116.627,100.804,15.8224,0.857,63.33333,1.936,66.738,29.666,64.9727,66.2,16.7,15.3,28.8,71.4,39.7,37.3,2,117.95,93.8397,24.1107,0.934,78.78788,2.392,69.071,31.835,62.55,63.6,15.5,18.8,30.9,72.0,46.0,35.9,1
2,117.95,93.8397,24.1107,0.934,78.78788,2.392,69.071,31.835,62.55,63.6,15.5,18.8,30.9,72.0,46.0,35.9,7,116.627,100.804,15.8224,0.857,63.33333,1.936,66.738,29.666,64.9727,66.2,16.7,15.3,28.8,71.4,39.7,37.3,0
1,119.389,93.8965,25.492,0.951,82.35294,2.082,77.998,36.398,69.0976,70.1,17.8,18.4,33.4,71.1,33.8,35.5,9,105.588,92.1195,13.4685,0.801,66.66667,1.319,67.849,27.539,66.8916,67.9,20.5,15.5,28.6,71.6,38.2,30.7,0
9,105.588,92.1195,13.4685,0.801,66.66667,1.319,67.849,27.539,66.8916,67.9,20.5,15.5,28.6,71.6,38.2,30.7,1,119.389,93.8965,25.492,0.951,82.35294,2.082,77.998,36.398,69.0976,70.1,17.8,18.4,33.4,71.1,33.8,35.5,1
12,109.146,99.3205,9.82501,0.716,65.71429,2.623,15.581,19.541,66.8627,67.8,14.4,18.9,22.4,72.8,42.0,33.8,4,111.929,98.0491,13.8797,0.835,83.33333,2.733,42.028,25.783,65.193,66.5,17.3,15.8,30.5,72.0,38.1,34.3,1
4,111.929,98.0491,13.8797,0.835,83.33333,2.733,42.028,25.783,65.193,66.5,17.3,15.8,30.5,72.0,38.1,34.3,12,109.146,99.3205,9.82501,0.716,65.71429,2.623,15.581,19.541,66.8627,67.8,14.4,18.9,22.4,72.8,42.0,33.8,0
11,104.382,90.4362,13.9459,0.849,62.5,2.195,47.374,36.278,66.0731,67.3,20.4,24.5,28.2,71.5,37.4,32.1,3,110.398,94.8142,15.5839,0.863,77.41935,1.462,62.378,31.803,66.466,67.5,12.7,16.9,25.8,76.0,36.0,31.3,0
3,110.398,94.8142,15.5839,0.863,77.41935,1.462,62.378,31.803,66.466,67.5,12.7,16.9,25.8,76.0,36.0,31.3,11,104.382,90.4362,13.9459,0.849,62.5,2.195,47.374,36.278,66.0731,67.3,20.4,24.5,28.2,71.5,37.4,32.1,1
10,114.756,102.136,12.6207,0.813,69.69697,2.424,65.462,27.253,67.2783,68.5,14.2,20.3,23.4,69.7,35.9,35.3,2,113.602,89.1491,24.453,0.933,84.375,1.348,61.608,27.557,70.0205,71.0,16.7,20.7,33.2,70.7,39.9,32.0,0
2,113.602,89.1491,24.453,0.933,84.375,1.348,61.608,27.557,70.0205,71.0,16.7,20.7,33.2,70.7,39.9,32.0,10,114.756,102.136,12.6207,0.813,69.69697,2.424,65.462,27.253,67.2783,68.5,14.2,20.3,23.4,69.7,35.9,35.3,1
1,121.805,88.836,32.9688,0.973,89.65517,1.559,86.976,24.951,72.4831,73.8,15.9,17.0,29.0,77.0,35.4,37.9,4,111.072,92.0511,19.0214,0.88,75.75758,2.292,47.294,27.25,70.59,71.7,17.4,20.6,30.9,74.2,34.3,30.7,1
4,111.072,92.0511,19.0214,0.88,75.75758,2.292,47.294,27.25,70.59,71.7,17.4,20.6,30.9,74.2,34.3,30.7,1,121.805,88.836,32.9688,0.973,89.65517,1.559,86.976,24.951,72.4831,73.8,15.9,17.0,29.0,77.0,35.4,37.9,0
3,109.701,85.0595,24.641,0.943,73.52941,2.456,22.03,35.796,66.455,67.4,20.3,23.6,33.3,73.9,34.4,31.4,2,119.363,95.6508,23.7124,0.943,82.35294,0.988,91.521,28.364,67.3866,68.7,14.9,16.1,31.9,71.5,36.6,36.8,1
2,119.363,95.6508,23.7124,0.943,82.35294,0.988,91.521,28.364,67.3866,68.7,14.9,16.1,31.9,71.5,36.6,36.8,3,109.701,85.0595,24.641,0.943,73.52941,2.456,22.03,35.796,66.455,67.4,20.3,23.6,33.3,73.9,34.4,31.4,0
8,113.057,97.0108,16.0459,0.866,72.72727,1.742,87.453,29.665,70.1492,71.2,16.5,14.1,30.4,79.2,37.4,36.2,4,116.076,91.2287,24.8472,0.933,78.125,2.209,79.66,27.038,65.5444,66.8,13.4,19.7,31.9,75.2,31.5,35.2,0
4,116.076,91.2287,24.8472,0.933,78.125,2.209,79.66,27.038,65.5444,66.8,13.4,19.7,31.9,75.2,31.5,35.2,8,113.057,97.0108,16.0459,0.866,72.72727,1.742,87.453,29.665,70.1492,71.2,16.5,14.1,30.4,79.2,37.4,36.2,1
3,121.268,98.9804,22.2872,0.933,79.41176,1.778,60.487,30.201,65.764,66.8,17.3,14.1,35.2,76.4,39.1,39.1,15,98.7512,94.4758,4.27548,0.604,62.06897,1.895,0.2,12.317,65.9614,66.8,20.8,20.9,31.5,72.0,30.3,34.8,1
15,98.7512,94.4758,4.27548,0.604,62.06897,1.895,0.2,12.317,65.9614,66.8,20.8,20.9,31.5,72.0,30.3,34.8,3,121.268,98.9804,22.2872,0.933,79.41176,1.778,60.487,30.201,65.764,66.8,17.3,14.1,35.2,76.4,39.1,39.1,0
1,119.64,92.431,27.2089,0.943,91.17647,1.191,69.26,24.936,72.1752,73.4,18.0,17.7,34.5,71.7,35.7,35.4,5,117.348,90.8508,26.4976,0.96,85.29412,2.179,51.79,22.655,63.8376,65.1,17.1,21.7,37.8,72.7,39.1,34.1,1
5,117.348,90.8508,26.4976,0.96,85.29412,2.179,51.79,22.655,63.8376,65.1,17.1,21.7,37.8,72.7,39.1,34.1,1,119.64,92.431,27.2089,0.943,91.17647,1.191,69.26,24.936,72.1752,73.4,18.0,17.7,34.5,71.7,35.7,35.4,0
11,114.207,98.5588,15.6481,0.868,54.83871,1.413,72.575,34.033,66.285,67.2,17.1,15.0,31.2,76.2,32.3,34.0,2,117.95,93.8397,24.1107,0.934,78.78788,2.392,69.071,31.835,62.55,63.6,15.5,18.8,30.9,72.0,46.0,35.9,1
2,117.95,93.8397,24.1107,0.934,78.78788,2.392,69.071,31.835,62.55,63.6,15.5,18.8,30.9,72.0,46.0,35.9,11,114.207,98.5588,15.6481,0.868,54.83871,1.413,72.575,34.033,66.285,67.2,17.1,15.0,31.2,76.2,32.3,34.0,0
1,119.389,93.8965,25.492,0.951,82.35294,2.082,77.998,36.398,69.0976,70.1,17.8,18.4,33.4,71.1,33.8,35.5,4,111.929,98.0491,13.8797,0.835,83.33333,2.733,42.028,25.783,65.193,66.5,17.3,15.8,30.5,72.0,38.1,34.3,0
4,111.929,98.0491,13.8797,0.835,83.33333,2.733,42.028,25.783,65.193,66.5,17.3,15.8,30.5,72.0,38.1,34.3,1,119.389,93.8965,25.492,0.951,82.35294,2.082,77.998,36.398,69.0976,70.1,17.8,18.4,33.4,71.1,33.8,35.5,1
11,104.382,90.4362,13.9459,0.849,62.5,2.195,47.374,36.278,66.0731,67.3,20.4,24.5,28.2,71.5,37.4,32.1,10,114.756,102.136,12.6207,0.813,69.69697,2.424,65.462,27.253,67.2783,68.5,14.2,20.3,23.4,69.7,35.9,35.3,1
10,114.756,102.136,12.6207,0.813,69.69697,2.424,65.462,27.253,67.2783,68.5,14.2,20.3,23.4,69.7,35.9,35.3,11,104.382,90.4362,13.9459,0.849,62.5,2.195,47.374,36.278,66.0731,67.3,20.4,24.5,28.2,71.5,37.4,32.1,0
4,111.072,92.0511,19.0214,0.88,75.75758,2.292,47.294,27.25,70.59,71.7,17.4,20.6,30.9,74.2,34.3,30.7,2,119.363,95.6508,23.7124,0.943,82.35294,0.988,91.521,28.364,67.3866,68.7,14.9,16.1,31.9,71.5,36.6,36.8,1
2,119.363,95.6508,23.7124,0.943,82.35294,0.988,91.521,28.364,67.3866,68.7,14.9,16.1,31.9,71.5,36.6,36.8,4,111.072,92.0511,19.0214,0.88,75.75758,2.292,47.294,27.25,70.59,71.7,17.4,20.6,30.9,74.2,34.3,30.7,0
8,113.057,97.0108,16.0459,0.866,72.72727,1.742,87.453,29.665,70.1492,71.2,16.5,14.1,30.4,79.2,37.4,36.2,15,98.7512,94.4758,4.27548,0.604,62.06897,1.895,0.2,12.317,65.9614,66.8,20.8,20.9,31.5,72.0,30.3,34.8,0
15,98.7512,94.4758,4.27548,0.604,62.06897,1.895,0.2,12.317,65.9614,66.8,20.8,20.9,31.5,72.0,30.3,34.8,8,113.057,97.0108,16.0459,0.866,72.72727,1.742,87.453,29.665,70.1492,71.2,16.5,14.1,30.4,79.2,37.4,36.2,1
5,117.348,90.8508,26.4976,0.96,85.29412,2.179,51.79,22.655,63.8376,65.1,17.1,21.7,37.8,72.7,39.1,34.1,2,117.95,93.8397,24.1107,0.934,78.78788,2.392,69.071,31.835,62.55,63.6,15.5,18.8,30.9,72.0,46.0,35.9,1
2,117.95,93.8397,24.1107,0.934,78.78788,2.392,69.071,31.835,62.55,63.6,15.5,18.8,30.9,72.0,46.0,35.9,5,117.348,90.8508,26.4976,0.96,85.29412,2.179,51.79,22.655,63.8376,65.1,17.1,21.7,37.8,72.7,39.1,34.1,0
1,119.389,93.8965,25.492,0.951,82.35294,2.082,77.998,36.398,69.0976,70.1,17.8,18.4,33.4,71.1,33.8,35.5,10,114.756,102.136,12.6207,0.813,69.69697,2.424,65.462,27.253,67.2783,68.5,14.2,20.3,23.4,69.7,35.9,35.3,0
10,114.756,102.136,12.6207,0.813,69.69697,2.424,65.462,27.253,67.2783,68.5,14.2,20.3,23.4,69.7,35.9,35.3,1,119.389,93.8965,25.492,0.951,82.35294,2.082,77.998,36.398,69.0976,70.1,17.8,18.4,33.4,71.1,33.8,35.5,1
2,119.363,95.6508,23.7124,0.943,82.35294,0.988,91.521,28.364,67.3866,68.7,14.9,16.1,31.9,71.5,36.6,36.8,8,113.057,97.0108,16.0459,0.866,72.72727,1.742,87.453,29.665,70.1492,71.2,16.5,14.1,30.4,79.2,37.4,36.2,1
8,113.057,97.0108,16.0459,0.866,72.72727,1.742,87.453,29.665,70.1492,71.2,16.5,14.1,30.4,79.2,37.4,36.2,2,119.363,95.6508,23.7124,0.943,82.35294,0.988,91.521,28.364,67.3866,68.7,14.9,16.1,31.9,71.5,36.6,36.8,0
2,117.95,93.8397,24.1107,0.934,78.78788,2.392,69.071,31.835,62.55,63.6,15.5,18.8,30.9,72.0,46.0,35.9,1,119.389,93.8965,25.492,0.951,82.35294,2.082,77.998,36.398,69.0976,70.1,17.8,18.4,33.4,71.1,33.8,35.5,1
1,119.389,93.8965,25.492,0.951,82.35294,2.082,77.998,36.398,69.0976,70.1,17.8,18.4,33.4,71.1,33.8,35.5,2,117.95,93.8397,24.1107,0.934,78.78788,2.392,69.071,31.835,62.55,63.6,15.5,18.8,30.9,72.0,46.0,35.9,0
8,113.057,97.0108,16.0459,0.866,72.72727,1.742,87.453,29.665,70.1492,71.2,16.5,14.1,30.4,79.2,37.4,36.2,1,119.389,93.8965,25.492,0.951,82.35294,2.082,77.998,36.398,69.0976,70.1,17.8,18.4,33.4,71.1,33.8,35.5,1
1,119.389,93.8965,25.492,0.951,82.35294,2.082,77.998,36.398,69.0976,70.1,17.8,18.4,33.4,71.1,33.8,35.5,8,113.057,97.0108,16.0459,0.866,72.72727,1.742,87.453,29.665,70.1492,71.2,16.5,14.1,30.4,79.2,37.4,36.2,0
1,126.111,89.4872,36.6241,0.979,100.0,1.528,80.761,24.19,74.7701,75.4,16.1,20.3,30.4,76.6,32.3,36.5,16,100.613,104.355,-3.74215,0.365,66.66667,2.363,0.2,6.134,67.6936,68.7,17.8,20.7,28.8,71.3,35.9,37.4,0
16,100.613,104.355,-3.74215,0.365,66.66667,2.363,0.2,6.134,67.6936,68.7,17.8,20.7,28.8,71.3,35.9,37.4,1,126.111,89.4872,36.6241,0.979,100.0,1.528,80.761,24.19,74.7701,75.4,16.1,20.3,30.4,76.6,32.3,36.5,1
8,111.427,94.7836,16.6439,0.864,60.0,2.102,32.322,32.105,67.689,68.5,15.8,18.7,27.3,72.5,39.0,33.8,9,110.248,95.0983,15.15,0.863,64.0,2.462,50.387,33.332,68.7329,69.5,18.9,18.4,28.6,70.8,37.5,32.0,0
9,110.248,95.0983,15.15,0.863,64.0,2.462,50.387,33.332,68.7329,69.5,18.9,18.4,28.6,70.8,37.5,32.0,8,111.427,94.7836,16.6439,0.864,60.0,2.102,32.322,32.105,67.689,68.5,15.8,18.7,27.3,72.5,39.0,33.8,1
5,114.87,93.5652,21.3051,0.903,71.42857,2.215,57.988,30.082,69.0627,70.0,15.8,17.8,24.8,71.8,44.3,36.7,12,109.242,97.0104,12.2317,0.793,83.33333,2.321,53.867,11.813,66.1183,66.6,16.5,20.8,28.2,75.5,33.8,34.8,0
12,109.242,97.0104,12.2317,0.793,83.33333,2.321,53.867,11.813,66.1183,66.6,16.5,20.8,28.2,75.5,33.8,34.8,5,114.87,93.5652,21.3051,0.903,71.42857,2.215,57.988,30.082,69.0627,70.0,15.8,17.8,24.8,71.8,44.3,36.7,1
4,115.637,92.9824,22.6542,0.91,75.0,1.879,55.537,30.502,60.0732,60.9,15.4,15.2,23.1,77.4,42.3,38.1,13,113.002,101.888,11.1142,0.763,68.18182,1.43,6.606,16.438,69.3203,70.3,17.0,20.0,28.7,72.6,38.7,36.6,1
13,113.002,101.888,11.1142,0.763,68.18182,1.43,6.606,16.438,69.3203,70.3,17.0,20.0,28.7,72.6,38.7,36.6,4,115.637,92.9824,22.6542,0.91,75.0,1.879,55.537,30.502,60.0732,60.9,15.4,15.2,23.1,77.4,42.3,38.1,0
6,112.883,90.6583,22.2245,0.932,75.86207,1.679,47.985,32.675,67.2898,68.1,18.1,17.4,35.7,72.7,31.2,34.8,11,113.949,99.3062,14.6425,0.786,85.18519,1.958,0.2,15.072,66.7599,67.6,15.2,18.8,31.6,75.1,31.3,36.6,0
11,113.949,99.3062,14.6425,0.786,85.18519,1.958,0.2,15.072,66.7599,67.6,15.2,18.8,31.6,75.1,31.3,36.6,6,112.883,90.6583,22.2245,0.932,75.86207,1.679,47.985,32.675,67.2898,68.1,18.1,17.4,35.7,72.7,31.2,34.8,1
3,109.615,88.5839,21.0313,0.895,70.37037,1.46,80.676,36.237,68.2629,69.2,17.7,20.0,31.2,73.1,36.0,33.7,14,107.67,101.018,6.65145,0.713,68.18182,1.614,0.2,13.059,72.3499,73.1,16.5,16.5,23.9,74.4,39.6,35.9,0
14,107.67,101.018,6.65145,0.713,68.18182,1.614,0.2,13.059,72.3499,73.1,16.5,16.5,23.9,74.4,39.6,35.9,3,109.615,88.5839,21.0313,0.895,70.37037,1.46,80.676,36.237,68.2629,69.2,17.7,20.0,31.2,73.1,36.0,33.7,1
2,123.496,94.5925,28.9031,0.946,72.41379,1.656,61.215,36.806,69.9829,70.9,13.3,16.3,30.7,71.4,39.8,38.6,15,103.554,96.5771,6.97644,0.716,70.0,2.131,14.562,10.505,65.4771,66.2,20.4,16.5,33.0,77.2,36.2,32.2,0
15,103.554,96.5771,6.97644,0.716,70.0,2.131,14.562,10.505,65.4771,66.2,20.4,16.5,33.0,77.2,36.2,32.2,2,123.496,94.5925,28.9031,0.946,72.41379,1.656,61.215,36.806,69.9829,70.9,13.3,16.3,30.7,71.4,39.8,38.6,1
1,119.434,88.6425,30.7915,0.952,83.33333,2.078,66.856,35.087,66.8217,67.8,16.3,15.1,29.4,75.2,33.9,38.7,16,98.9834,105.038,-6.05453,0.353,65.21739,2.509,13.802,12.242,71.9846,72.5,21.5,19.4,32.9,73.6,27.8,27.7,0
16,98.9834,105.038,-6.05453,0.353,65.21739,2.509,13.802,12.242,71.9846,72.5,21.5,19.4,32.9,73.6,27.8,27.7,1,119.434,88.6425,30.7915,0.952,83.33333,2.078,66.856,35.087,66.8217,67.8,16.3,15.1,29.4,75.2,33.9,38.7,1
8,119.771,100.181,19.5899,0.883,66.66667,1.064,83.74,31.962,70.7574,71.4,16.1,18.4,31.5,67.2,37.1,35.0,9,111.309,90.4885,20.8204,0.889,80.0,1.928,0.359,21.02,65.1595,65.5,16.9,19.5,33.6,71.6,31.9,35.4,0
9,111.309,90.4885,20.8204,0.889,80.0,1.928,0.359,21.02,65.1595,65.5,16.9,19.5,33.6,71.6,31.9,35.4,8,119.771,100.181,19.5899,0.883,66.66667,1.064,83.74,31.962,70.7574,71.4,16.1,18.4,31.5,67.2,37.1,35.0,1
5,114.417,92.7358,21.6816,0.934,73.33333,2.245,48.237,32.71,66.3585,67.2,16.8,19.8,30.9,74.4,35.8,36.7,12,107.693,93.636,14.0569,0.825,52.0,2.018,40.505,32.752,69.6374,70.6,21.7,16.2,32.4,72.7,38.8,36.6,0
12,107.693,93.636,14.0569,0.825,52.0,2.018,40.505,32.752,69.6374,70.6,21.7,16.2,32.4,72.7,38.8,36.6,5,114.417,92.7358,21.6816,0.934,73.33333,2.245,48.237,32.71,66.3585,67.2,16.8,19.8,30.9,74.4,35.8,36.7,1
4,116.442,94.3726,22.0698,0.929,72.72727,1.949,53.523,27.679,70.5582,71.2,20.2,19.6,35.7,68.6,35.5,39.0,13,104.118,95.9651,8.15332,0.619,72.41379,1.735,14.285,10.509,68.4895,69.2,15.6,21.0,32.4,74.1,38.9,30.0,0
13,104.118,95.9651,8.15332,0.619,72.41379,1.735,14.285,10.509,68.4895,69.2,15.6,21.0,32.4,74.1,38.9,30.0,4,116.442,94.3726,22.0698,0.929,72.72727,1.949,53.523,27.679,70.5582,71.2,20.2,19.6,35.7,68.6,35.5,39.0,1
6,113.107,92.1612,20.9462,0.894,76.0,1.984,39.722,29.972,67.9796,69.1,19.0,16.0,28.6,76.7,38.8,37.3,11,113.403,97.4859,15.9175,0.878,65.38462,1.376,82.595,34.379,64.6928,65.5,16.7,17.6,30.8,75.8,31.7,36.7,1
11,113.403,97.4859,15.9175,0.878,65.38462,1.376,82.595,34.379,64.6928,65.5,16.7,17.6,30.8,75.8,31.7,36.7,6,113.107,92.1612,20.9462,0.894,76.0,1.984,39.722,29.972,67.9796,69.1,19.0,16.0,28.6,76.7,38.8,37.3,0
3,113.848,93.2661,20.5822,0.912,73.07692,2.109,88.6,32.75,69.2079,70.0,20.2,17.8,31.3,73.1,41.9,35.7,14,103.047,92.9196,10.1273,0.735,82.6087,2.228,0.2,9.607,69.9524,70.8,19.4,26.7,30.6,72.1,36.5,37.7,1
14,103.047,92.9196,10.1273,0.735,82.6087,2.228,0.2,9.607,69.9524,70.8,19.4,26.7,30.6,72.1,36.5,37.7,3,113.848,93.2661,20.5822,0.912,73.07692,2.109,88.6,32.75,69.2079,70.0,20.2,17.8,31.3,73.1,41.9,35.7,0
7,113.581,91.6796,21.9011,0.918,68.18182,1.785,52.299,31.015,66.0354,66.6,17.5,19.6,36.8,70.2,33.3,33.6,10,110.916,92.1984,18.7175,0.856,53.57143,1.869,67.127,36.317,65.3286,66.3,16.8,16.9,20.9,75.2,43.0,34.9,1
10,110.916,92.1984,18.7175,0.856,53.57143,1.869,67.127,36.317,65.3286,66.3,16.8,16.9,20.9,75.2,43.0,34.9,7,113.581,91.6796,21.9011,0.918,68.18182,1.785,52.299,31.015,66.0354,66.6,17.5,19.6,36.8,70.2,33.3,33.6,0
2,111.722,86.734,24.9876,0.928,80.0,1.841,70.27,31.992,73.9267,74.8,18.6,21.1,31.5,70.2,47.1,35.1,15,100.371,101.407,-1.03598,0.555,70.58824,1.731,9.632,7.27,68.3119,69.3,22.5,19.6,33.5,73.8,37.6,35.5,0
15,100.371,101.407,-1.03598,0.555,70.58824,1.731,9.632,7.27,68.3119,69.3,22.5,19.6,33.5,73.8,37.6,35.5,2,111.722,86.734,24.9876,0.928,80.0,1.841,70.27,31.992,73.9267,74.8,18.6,21.1,31.5,70.2,47.1,35.1,1
1,123.265,93.7679,29.4969,0.961,91.66667,1.967,57.416,27.876,68.3891,69.6,17.6,24.6,37.5,69.1,39.2,41.8,16,97.4886,100.22,-2.73095,0.427,65.21739,1.927,12.091,10.041,66.7023,67.8,19.0,20.4,24.9,71.2,42.5,32.7,0
16,97.4886,100.22,-2.73095,0.427,65.21739,1.927,12.091,10.041,66.7023,67.8,19.0,20.4,24.9,71.2,42.5,32.7,1,123.265,93.7679,29.4969,0.961,91.66667,1.967,57.416,27.876,68.3891,69.6,17.6,24.6,37.5,69.1,39.2,41.8,1
8,110.111,90.0231,20.0876,0.864,64.28571,1.02,85.053,34.274,71.8271,72.8,20.6,19.3,41.3,73.7,28.2,31.7,9,112.522,89.8672,22.6545,0.918,58.62069,2.316,55.41,37.996,64.9341,65.9,13.5,17.8,23.7,74.9,40.8,36.0,1
9,112.522,89.8672,22.6545,0.918,58.62069,2.316,55.41,37.996,64.9341,65.9,13.5,17.8,23.7,74.9,40.8,36.0,8,110.111,90.0231,20.0876,0.864,64.28571,1.02,85.053,34.274,71.8271,72.8,20.6,19.3,41.3,73.7,28.2,31.7,0
5,118.602,95.984,22.6184,0.907,72.72727,1.829,73.753,30.52,65.0666,65.9,13.5,19.0,27.9,75.2,44.6,35.2,12,105.093,96.1535,8.93908,0.73,95.83333,1.933,6.77,5.045,73.6395,74.7,19.5,22.5,35.6,77.8,39.3,35.3,0
12,105.093,96.1535,8.93908,0.73,95.83333,1.933,6.77,5.045,73.6395,74.7,19.5,22.5,35.6,77.8,39.3,35.3,5,118.602,95.984,22.6184,0.907,72.72727,1.829,73.753,30.52,65.0666,65.9,13.5,19.0,27.9,75.2,44.6,35.2,1
4,113.612,91.3407,22.2716,0.89,66.66667,1.041,60.403,36.431,66.4842,67.5,18.7,16.9,32.2,75.9,37.5,33.5,13,105.362,93.6646,11.6975,0.758,64.0,2.415,2.103,19.471,63.0896,64.2,20.4,21.4,27.9,73.1,37.2,37.3,1
13,105.362,93.6646,11.6975,0.758,64.0,2.415,2.103,19.471,63.0896,64.2,20.4,21.4,27.9,73.1,37.2,37.3,4,113.612,91.3407,22.2716,0.89,66.66667,1.041,60.403,36.431,66.4842,67.5,18.7,16.9,32.2,75.9,37.5,33.5,0
6,112.362,91.4155,20.9465,0.909,62.96296,1.42,53.387,32.227,65.3672,66.6,16.3,23.8,33.8,70.0,31.4,34.6,11,105.729,89.2192,16.51,0.862,70.37037,1.486,17.726,17.758,68.8615,69.9,19.7,19.7,35.3,78.7,32.5,33.6,0
11,105.729,89.2192,16.51,0.862,70.37037,1.486,17.726,17.758,68.8615,69.9,19.7,19.7,35.3,78.7,32.5,33.6,6,112.362,91.4155,20.9465,0.909,62.96296,1.42,53.387,32.227,65.3672,66.6,16.3,23.8,33.8,70.0,31.4,34.6,1
3,111.502,89.9724,21.5292,0.896,78.57143,1.545,55.045,28.411,73.1045,74.0,17.4,20.3,31.7,73.8,35.8,33.9,14,110.89,100.668,10.2223,0.829,93.33333,1.82,0.2,5.698,72.4472,72.8,13.7,16.6,28.2,74.6,35.9,40.0,0
14,110.89,100.668,10.2223,0.829,93.33333,1.82,0.2,5.698,72.4472,72.8,13.7,16.6,28.2,74.6,35.9,40.0,3,111.502,89.9724,21.5292,0.896,78.57143,1.545,55.045,28.411,73.1045,74.0,17.4,20.3,31.7,73.8,35.8,33.9,1
7,110.975,93.4227,17.5522,0.873,60.86957,1.529,60.198,34.098,68.6479,69.5,20.7,20.6,30.8,68.4,33.8,35.7,10,110.048,94.8276,15.2207,0.833,71.42857,1.562,28.989,23.498,66.1503,67.4,17.3,17.6,28.4,75.7,41.0,35.7,0
10,110.048,94.8276,15.2207,0.833,71.42857,1.562,28.989,23.498,66.1503,67.4,17.3,17.6,28.4,75.7,41.0,35.7,7,110.975,93.4227,17.5522,0.873,60.86957,1.529,60.198,34.098,68.6479,69.5,20.7,20.6,30.8,68.4,33.8,35.7,1
2,122.274,96.8491,25.4253,0.929,70.0,1.963,71.659,39.398,67.0815,67.8,15.3,15.0,29.1,72.6,39.4,36.5,15,108.656,107.44,1.21622,0.522,56.52174,1.496,1.124,16.652,71.7646,72.3,15.7,18.2,23.2,67.0,45.9,38.8,1
15,108.656,107.44,1.21622,0.522,56.52174,1.496,1.124,16.652,71.7646,72.3,15.7,18.2,23.2,67.0,45.9,38.8,2,122.274,96.8491,25.4253,0.929,70.0,1.963,71.659,39.398,67.0815,67.8,15.3,15.0,29.1,72.6,39.4,36.5,0
1,118.957,88.3445,30.6122,0.951,79.31034,1.627,73.109,40.223,70.7135,71.6,18.2,16.1,33.0,77.8,30.7,37.6,16,107.143,105.525,1.6183,0.565,63.15789,1.77,8.771,8.855,64.2271,65.3,19.6,16.4,29.4,75.7,35.7,37.2,0
16,107.143,105.525,1.6183,0.565,63.15789,1.77,8.771,8.855,64.2271,65.3,19.6,16.4,29.4,75.7,35.7,37.2,1,118.957,88.3445,30.6122,0.951,79.31034,1.627,73.109,40.223,70.7135,71.6,18.2,16.1,33.0,77.8,30.7,37.6,1
8,110.416,86.6625,23.7539,0.918,84.61538,2.231,11.054,16.033,64.1938,64.8,18.5,21.6,26.0,79.0,37.0,35.7,9,113.332,94.783,18.5494,0.869,68.0,2.51,51.343,29.468,67.7637,68.6,15.9,22.8,24.8,70.1,37.0,34.9,0
9,113.332,94.783,18.5494,0.869,68.0,2.51,51.343,29.468,67.7637,68.6,15.9,22.8,24.8,70.1,37.0,34.9,8,110.416,86.6625,23.7539,0.918,84.61538,2.231,11.054,16.033,64.1938,64.8,18.5,21.6,26.0,79.0,37.0,35.7,1
5,108.804,87.7414,21.0624,0.916,69.23077,1.471,75.912,29.656,67.3118,67.8,18.2,22.9,31.4,71.4,34.3,33.8,12,109.326,99.1533,10.1728,0.766,57.14286,2.035,34.182,34.218,65.3971,66.1,17.2,18.5,29.8,70.6,35.5,34.6,1
12,109.326,99.1533,10.1728,0.766,57.14286,2.035,34.182,34.218,65.3971,66.1,17.2,18.5,29.8,70.6,35.5,34.6,5,108.804,87.7414,21.0624,0.916,69.23077,1.471,75.912,29.656,67.3118,67.8,18.2,22.9,31.4,71.4,34.3,33.8,0
4,110.059,91.2923,18.7671,0.873,71.42857,1.061,61.902,36.37,71.9524,72.7,21.4,19.3,31.9,69.8,31.9,33.8,13,110.143,101.773,8.37002,0.713,79.16667,1.736,3.795,9.801,63.1252,64.4,15.6,17.3,23.1,77.6,47.5,38.8,0
13,110.143,101.773,8.37002,0.713,79.16667,1.736,3.795,9.801,63.1252,64.4,15.6,17.3,23.1,77.6,47.5,38.8,4,110.059,91.2923,18.7671,0.873,71.42857,1.061,61.902,36.37,71.9524,72.7,21.4,19.3,31.9,69.8,31.9,33.8,1
6,110.835,89.5391,21.296,0.926,84.61538,2.399,26.167,18.796,66.0736,66.9,16.9,22.5,29.9,75.6,39.5,37.5,11,113.82,97.5937,16.2268,0.837,64.0,1.527,64.21,28.455,69.2068,70.1,16.0,20.8,30.3,66.2,39.2,33.8,1
11,113.82,97.5937,16.2268,0.837,64.0,1.527,64.21,28.455,69.2068,70.1,16.0,20.8,30.3,66.2,39.2,33.8,6,110.835,89.5391,21.296,0.926,84.61538,2.399,26.167,18.796,66.0736,66.9,16.9,22.5,29.9,75.6,39.5,37.5,0
3,116.128,95.8073,20.3206,0.902,66.66667,1.787,44.317,34.198,69.6016,70.5,17.0,20.7,35.6,68.7,33.1,35.7,14,100.165,96.2694,3.89559,0.559,75.0,1.69,5.5,13.166,65.5948,66.5,22.9,18.0,31.3,75.1,34.5,34.7,0
14,100.165,96.2694,3.89559,0.559,75.0,1.69,5.5,13.166,65.5948,66.5,22.9,18.0,31.3,75.1,34.5,34.7,3,116.128,95.8073,20.3206,0.902,66.66667,1.787,44.317,34.198,69.6016,70.5,17.0,20.7,35.6,68.7,33.1,35.7,1
7,106.87,90.7046,16.1652,0.848,69.56522,1.794,59.066,32.216,64.2422,65.4,19.5,21.6,26.6,73.5,43.9,34.6,10,108.651,90.5084,18.1428,0.846,57.69231,1.953,55.802,38.152,67.7741,68.7,16.4,18.9,27.4,70.7,32.7,31.1,1
10,108.651,90.5084,18.1428,0.846,57.69231,1.953,55.802,38.152,67.7741,68.7,16.4,18.9,27.4,70.7,32.7,31.1,7,106.87,90.7046,16.1652,0.848,69.56522,1.794,59.066,32.216,64.2422,65.4,19.5,21.6,26.6,73.5,43.9,34.6,0
2,118.922,90.1017,28.8202,0.964,88.46154,1.843,57.911,18.87,64.9246,65.9,16.3,21.6,39.4,72.0,42.3,35.5,15,100.852,99.4794,1.37289,0.486,73.07692,2.036,2.192,12.128,66.3028,67.1,18.5,20.3,30.9,68.1,34.3,31.9,0
15,100.852,99.4794,1.37289,0.486,73.07692,2.036,2.192,12.128,66.3028,67.1,18.5,20.3,30.9,68.1,34.3,31.9,2,118.922,90.1017,28.8202,0.964,88.46154,1.843,57.911,18.87,64.9246,65.9,16.3,21.6,39.4,72.0,42.3,35.5,1
1,126.111,89.4872,36.6241,0.979,100.0,1.528,80.761,24.19,74.7701,75.4,16.1,20.3,30.4,76.6,32.3,36.5,8,111.427,94.7836,16.6439,0.864,60.0,2.102,32.322,32.105,67.689,68.5,15.8,18.7,27.3,72.5,39.0,33.8,0
8,111.427,94.7836,16.6439,0.864,60.0,2.102,32.322,32.105,67.689,68.5,15.8,18.7,27.3,72.5,39.0,33.8,1,126.111,89.4872,36.6241,0.979,100.0,1.528,80.761,24.19,74.7701,75.4,16.1,20.3,30.4,76.6,32.3,36.5,1
5,114.87,93.5652,21.3051,0.903,71.42857,2.215,57.988,30.082,69.0627,70.0,15.8,17.8,24.8,71.8,44.3,36.7,13,113.002,101.888,11.1142,0.763,68.18182,1.43,6.606,16.438,69.3203,70.3,17.0,20.0,28.7,72.6,38.7,36.6,0
13,113.002,101.888,11.1142,0.763,68.18182,1.43,6.606,16.438,69.3203,70.3,17.0,20.0,28.7,72.6,38.7,36.6,5,114.87,93.5652,21.3051,0.903,71.42857,2.215,57.988,30.082,69.0627,70.0,15.8,17.8,24.8,71.8,44.3,36.7,1
6,112.883,90.6583,22.2245,0.932,75.86207,1.679,47.985,32.675,67.2898,68.1,18.1,17.4,35.7,72.7,31.2,34.8,3,109.615,88.5839,21.0313,0.895,70.37037,1.46,80.676,36.237,68.2629,69.2,17.7,20.0,31.2,73.1,36.0,33.7,0
3,109.615,88.5839,21.0313,0.895,70.37037,1.46,80.676,36.237,68.2629,69.2,17.7,20.0,31.2,73.1,36.0,33.7,6,112.883,90.6583,22.2245,0.932,75.86207,1.679,47.985,32.675,67.2898,68.1,18.1,17.4,35.7,72.7,31.2,34.8,1
7,114.453,96.7728,17.6799,0.877,76.92308,2.265,49.314,31.097,67.2355,68.1,16.8,20.3,28.3,72.8,38.0,37.9,2,123.496,94.5925,28.9031,0.946,72.41379,1.656,61.215,36.806,69.9829,70.9,13.3,16.3,30.7,71.4,39.8,38.6,0
2,123.496,94.5925,28.9031,0.946,72.41379,1.656,61.215,36.806,69.9829,70.9,13.3,16.3,30.7,71.4,39.8,38.6,7,114.453,96.7728,17.6799,0.877,76.92308,2.265,49.314,31.097,67.2355,68.1,16.8,20.3,28.3,72.8,38.0,37.9,1
1,119.434,88.6425,30.7915,0.952,83.33333,2.078,66.856,35.087,66.8217,67.8,16.3,15.1,29.4,75.2,33.9,38.7,8,119.771,100.181,19.5899,0.883,66.66667,1.064,83.74,31.962,70.7574,71.4,16.1,18.4,31.5,67.2,37.1,35.0,0
8,119.771,100.181,19.5899,0.883,66.66667,1.064,83.74,31.962,70.7574,71.4,16.1,18.4,31.5,67.2,37.1,35.0,1,119.434,88.6425,30.7915,0.952,83.33333,2.078,66.856,35.087,66.8217,67.8,16.3,15.1,29.4,75.2,33.9,38.7,1
5,114.417,92.7358,21.6816,0.934,73.33333,2.245,48.237,32.71,66.3585,67.2,16.8,19.8,30.9,74.4,35.8,36.7,4,116.442,94.3726,22.0698,0.929,72.72727,1.949,53.523,27.679,70.5582,71.2,20.2,19.6,35.7,68.6,35.5,39.0,1
4,116.442,94.3726,22.0698,0.929,72.72727,1.949,53.523,27.679,70.5582,71.2,20.2,19.6,35.7,68.6,35.5,39.0,5,114.417,92.7358,21.6816,0.934,73.33333,2.245,48.237,32.71,66.3585,67.2,16.8,19.8,30.9,74.4,35.8,36.7,0
11,113.403,97.4859,15.9175,0.878,65.38462,1.376,82.595,34.379,64.6928,65.5,16.7,17.6,30.8,75.8,31.7,36.7,14,103.047,92.9196,10.1273,0.735,82.6087,2.228,0.2,9.607,69.9524,70.8,19.4,26.7,30.6,72.1,36.5,37.7,0
14,103.047,92.9196,10.1273,0.735,82.6087,2.228,0.2,9.607,69.9524,70.8,19.4,26.7,30.6,72.1,36.5,37.7,11,113.403,97.4859,15.9175,0.878,65.38462,1.376,82.595,34.379,64.6928,65.5,16.7,17.6,30.8,75.8,31.7,36.7,1
10,110.916,92.1984,18.7175,0.856,53.57143,1.869,67.127,36.317,65.3286,66.3,16.8,16.9,20.9,75.2,43.0,34.9,2,111.722,86.734,24.9876,0.928,80.0,1.841,70.27,31.992,73.9267,74.8,18.6,21.1,31.5,70.2,47.1,35.1,1
2,111.722,86.734,24.9876,0.928,80.0,1.841,70.27,31.992,73.9267,74.8,18.6,21.1,31.5,70.2,47.1,35.1,10,110.916,92.1984,18.7175,0.856,53.57143,1.869,67.127,36.317,65.3286,66.3,16.8,16.9,20.9,75.2,43.0,34.9,0
1,123.265,93.7679,29.4969,0.961,91.66667,1.967,57.416,27.876,68.3891,69.6,17.6,24.6,37.5,69.1,39.2,41.8,9,112.522,89.8672,22.6545,0.918,58.62069,2.316,55.41,37.996,64.9341,65.9,13.5,17.8,23.7,74.9,40.8,36.0,0
9,112.522,89.8672,22.6545,0.918,58.62069,2.316,55.41,37.996,64.9341,65.9,13.5,17.8,23.7,74.9,40.8,36.0,1,123.265,93.7679,29.4969,0.961,91.66667,1.967,57.416,27.876,68.3891,69.6,17.6,24.6,37.5,69.1,39.2,41.8,1
5,118.602,95.984,22.6184,0.907,72.72727,1.829,73.753,30.52,65.0666,65.9,13.5,19.0,27.9,75.2,44.6,35.2,13,105.362,93.6646,11.6975,0.758,64.0,2.415,2.103,19.471,63.0896,64.2,20.4,21.4,27.9,73.1,37.2,37.3,0
13,105.362,93.6646,11.6975,0.758,64.0,2.415,2.103,19.471,63.0896,64.2,20.4,21.4,27.9,73.1,37.2,37.3,5,118.602,95.984,22.6184,0.907,72.72727,1.829,73.753,30.52,65.0666,65.9,13.5,19.0,27.9,75.2,44.6,35.2,1
6,112.362,91.4155,20.9465,0.909,62.96296,1.42,53.387,32.227,65.3672,66.6,16.3,23.8,33.8,70.0,31.4,34.6,3,111.502,89.9724,21.5292,0.896,78.57143,1.545,55.045,28.411,73.1045,74.0,17.4,20.3,31.7,73.8,35.8,33.9,1
3,111.502,89.9724,21.5292,0.896,78.57143,1.545,55.045,28.411,73.1045,74.0,17.4,20.3,31.7,73.8,35.8,33.9,6,112.362,91.4155,20.9465,0.909,62.96296,1.42,53.387,32.227,65.3672,66.6,16.3,23.8,33.8,70.0,31.4,34.6,0
7,110.975,93.4227,17.5522,0.873,60.86957,1.529,60.198,34.098,68.6479,69.5,20.7,20.6,30.8,68.4,33.8,35.7,15,108.656,107.44,1.21622,0.522,56.52174,1.496,1.124,16.652,71.7646,72.3,15.7,18.2,23.2,67.0,45.9,38.8,1
15,108.656,107.44,1.21622,0.522,56.52174,1.496,1.124,16.652,71.7646,72.3,15.7,18.2,23.2,67.0,45.9,38.8,7,110.975,93.4227,17.5522,0.873,60.86957,1.529,60.198,34.098,68.6479,69.5,20.7,20.6,30.8,68.4,33.8,35.7,0
1,118.957,88.3445,30.6122,0.951,79.31034,1.627,73.109,40.223,70.7135,71.6,18.2,16.1,33.0,77.8,30.7,37.6,8,110.416,86.6625,23.7539,0.918,84.61538,2.231,11.054,16.033,64.1938,64.8,18.5,21.6,26.0,79.0,37.0,35.7,1
8,110.416,86.6625,23.7539,0.918,84.61538,2.231,11.054,16.033,64.1938,64.8,18.5,21.6,26.0,79.0,37.0,35.7,1,118.957,88.3445,30.6122,0.951,79.31034,1.627,73.109,40.223,70.7135,71.6,18.2,16.1,33.0,77.8,30.7,37.6,0
12,109.326,99.1533,10.1728,0.766,57.14286,2.035,34.182,34.218,65.3971,66.1,17.2,18.5,29.8,70.6,35.5,34.6,4,110.059,91.2923,18.7671,0.873,71.42857,1.061,61.902,36.37,71.9524,72.7,21.4,19.3,31.9,69.8,31.9,33.8,0
4,110.059,91.2923,18.7671,0.873,71.42857,1.061,61.902,36.37,71.9524,72.7,21.4,19.3,31.9,69.8,31.9,33.8,12,109.326,99.1533,10.1728,0.766,57.14286,2.035,34.182,34.218,65.3971,66.1,17.2,18.5,29.8,70.6,35.5,34.6,1
11,113.82,97.5937,16.2268,0.837,64.0,1.527,64.21,28.455,69.2068,70.1,16.0,20.8,30.3,66.2,39.2,33.8,3,116.128,95.8073,20.3206,0.902,66.66667,1.787,44.317,34.198,69.6016,70.5,17.0,20.7,35.6,68.7,33.1,35.7,0
3,116.128,95.8073,20.3206,0.902,66.66667,1.787,44.317,34.198,69.6016,70.5,17.0,20.7,35.6,68.7,33.1,35.7,11,113.82,97.5937,16.2268,0.837,64.0,1.527,64.21,28.455,69.2068,70.1,16.0,20.8,30.3,66.2,39.2,33.8,1
10,108.651,90.5084,18.1428,0.846,57.69231,1.953,55.802,38.152,67.7741,68.7,16.4,18.9,27.4,70.7,32.7,31.1,2,118.922,90.1017,28.8202,0.964,88.46154,1.843,57.911,18.87,64.9246,65.9,16.3,21.6,39.4,72.0,42.3,35.5,1
2,118.922,90.1017,28.8202,0.964,88.46154,1.843,57.911,18.87,64.9246,65.9,16.3,21.6,39.4,72.0,42.3,35.5,10,108.651,90.5084,18.1428,0.846,57.69231,1.953,55.802,38.152,67.7741,68.7,16.4,18.9,27.4,70.7,32.7,31.1,0
1,126.111,89.4872,36.6241,0.979,100.0,1.528,80.761,24.19,74.7701,75.4,16.1,20.3,30.4,76.6,32.3,36.5,5,114.87,93.5652,21.3051,0.903,71.42857,2.215,57.988,30.082,69.0627,70.0,15.8,17.8,24.8,71.8,44.3,36.7,0
5,114.87,93.5652,21.3051,0.903,71.42857,2.215,57.988,30.082,69.0627,70.0,15.8,17.8,24.8,71.8,44.3,36.7,1,126.111,89.4872,36.6241,0.979,100.0,1.528,80.761,24.19,74.7701,75.4,16.1,20.3,30.4,76.6,32.3,36.5,1
6,112.883,90.6583,22.2245,0.932,75.86207,1.679,47.985,32.675,67.2898,68.1,18.1,17.4,35.7,72.7,31.2,34.8,7,114.453,96.7728,17.6799,0.877,76.92308,2.265,49.314,31.097,67.2355,68.1,16.8,20.3,28.3,72.8,38.0,37.9,0
7,114.453,96.7728,17.6799,0.877,76.92308,2.265,49.314,31.097,67.2355,68.1,16.8,20.3,28.3,72.8,38.0,37.9,6,112.883,90.6583,22.2245,0.932,75.86207,1.679,47.985,32.675,67.2898,68.1,18.1,17.4,35.7,72.7,31.2,34.8,1
1,119.434,88.6425,30.7915,0.952,83.33333,2.078,66.856,35.087,66.8217,67.8,16.3,15.1,29.4,75.2,33.9,38.7,4,116.442,94.3726,22.0698,0.929,72.72727,1.949,53.523,27.679,70.5582,71.2,20.2,19.6,35.7,68.6,35.5,39.0,0
4,116.442,94.3726,22.0698,0.929,72.72727,1.949,53.523,27.679,70.5582,71.2,20.2,19.6,35.7,68.6,35.5,39.0,1,119.434,88.6425,30.7915,0.952,83.33333,2.078,66.856,35.087,66.8217,67.8,16.3,15.1,29.4,75.2,33.9,38.7,1
11,113.403,97.4859,15.9175,0.878,65.38462,1.376,82.595,34.379,64.6928,65.5,16.7,17.6,30.8,75.8,31.7,36.7,2,111.722,86.734,24.9876,0.928,80.0,1.841,70.27,31.992,73.9267,74.8,18.6,21.1,31.5,70.2,47.1,35.1,0
2,111.722,86.734,24.9876,0.928,80.0,1.841,70.27,31.992,73.9267,74.8,18.6,21.1,31.5,70.2,47.1,35.1,11,113.403,97.4859,15.9175,0.878,65.38462,1.376,82.595,34.379,64.6928,65.5,16.7,17.6,30.8,75.8,31.7,36.7,1
1,123.265,93.7679,29.4969,0.961,91.66667,1.967,57.416,27.876,68.3891,69.6,17.6,24.6,37.5,69.1,39.2,41.8,5,118.602,95.984,22.6184,0.907,72.72727,1.829,73.753,30.52,65.0666,65.9,13.5,19.0,27.9,75.2,44.6,35.2,0
5,118.602,95.984,22.6184,0.907,72.72727,1.829,73.753,30.52,65.0666,65.9,13.5,19.0,27.9,75.2,44.6,35.2,1,123.265,93.7679,29.4969,0.961,91.66667,1.967,57.416,27.876,68.3891,69.6,17.6,24.6,37.5,69.1,39.2,41.8,1
3,111.502,89.9724,21.5292,0.896,78.57143,1.545,55.045,28.411,73.1045,74.0,17.4,20.3,31.7,73.8,35.8,33.9,15,108.656,107.44,1.21622,0.522,56.52174,1.496,1.124,16.652,71.7646,72.3,15.7,18.2,23.2,67.0,45.9,38.8,0
15,108.656,107.44,1.21622,0.522,56.52174,1.496,1.124,16.652,71.7646,72.3,15.7,18.2,23.2,67.0,45.9,38.8,3,111.502,89.9724,21.5292,0.896,78.57143,1.545,55.045,28.411,73.1045,74.0,17.4,20.3,31.7,73.8,35.8,33.9,1
8,110.416,86.6625,23.7539,0.918,84.61538,2.231,11.054,16.033,64.1938,64.8,18.5,21.6,26.0,79.0,37.0,35.7,12,109.326,99.1533,10.1728,0.766,57.14286,2.035,34.182,34.218,65.3971,66.1,17.2,18.5,29.8,70.6,35.5,34.6,1
12,109.326,99.1533,10.1728,0.766,57.14286,2.035,34.182,34.218,65.3971,66.1,17.2,18.5,29.8,70.6,35.5,34.6,8,110.416,86.6625,23.7539,0.918,84.61538,2.231,11.054,16.033,64.1938,64.8,18.5,21.6,26.0,79.0,37.0,35.7,0
11,113.82,97.5937,16.2268,0.837,64.0,1.527,64.21,28.455,69.2068,70.1,16.0,20.8,30.3,66.2,39.2,33.8,2,118.922,90.1017,28.8202,0.964,88.46154,1.843,57.911,18.87,64.9246,65.9,16.3,21.6,39.4,72.0,42.3,35.5,1
2,118.922,90.1017,28.8202,0.964,88.46154,1.843,57.911,18.87,64.9246,65.9,16.3,21.6,39.4,72.0,42.3,35.5,11,113.82,97.5937,16.2268,0.837,64.0,1.527,64.21,28.455,69.2068,70.1,16.0,20.8,30.3,66.2,39.2,33.8,0
1,126.111,89.4872,36.6241,0.979,100.0,1.528,80.761,24.19,74.7701,75.4,16.1,20.3,30.4,76.6,32.3,36.5,6,112.883,90.6583,22.2245,0.932,75.86207,1.679,47.985,32.675,67.2898,68.1,18.1,17.4,35.7,72.7,31.2,34.8,0
6,112.883,90.6583,22.2245,0.932,75.86207,1.679,47.985,32.675,67.2898,68.1,18.1,17.4,35.7,72.7,31.2,34.8,1,126.111,89.4872,36.6241,0.979,100.0,1.528,80.761,24.19,74.7701,75.4,16.1,20.3,30.4,76.6,32.3,36.5,1
1,119.434,88.6425,30.7915,0.952,83.33333,2.078,66.856,35.087,66.8217,67.8,16.3,15.1,29.4,75.2,33.9,38.7,11,113.403,97.4859,15.9175,0.878,65.38462,1.376,82.595,34.379,64.6928,65.5,16.7,17.6,30.8,75.8,31.7,36.7,1
11,113.403,97.4859,15.9175,0.878,65.38462,1.376,82.595,34.379,64.6928,65.5,16.7,17.6,30.8,75.8,31.7,36.7,1,119.434,88.6425,30.7915,0.952,83.33333,2.078,66.856,35.087,66.8217,67.8,16.3,15.1,29.4,75.2,33.9,38.7,0
1,123.265,93.7679,29.4969,0.961,91.66667,1.967,57.416,27.876,68.3891,69.6,17.6,24.6,37.5,69.1,39.2,41.8,3,111.502,89.9724,21.5292,0.896,78.57143,1.545,55.045,28.411,73.1045,74.0,17.4,20.3,31.7,73.8,35.8,33.9,0
3,111.502,89.9724,21.5292,0.896,78.57143,1.545,55.045,28.411,73.1045,74.0,17.4,20.3,31.7,73.8,35.8,33.9,1,123.265,93.7679,29.4969,0.961,91.66667,1.967,57.416,27.876,68.3891,69.6,17.6,24.6,37.5,69.1,39.2,41.8,1
12,109.326,99.1533,10.1728,0.766,57.14286,2.035,34.182,34.218,65.3971,66.1,17.2,18.5,29.8,70.6,35.5,34.6,2,118.922,90.1017,28.8202,0.964,88.46154,1.843,57.911,18.87,64.9246,65.9,16.3,21.6,39.4,72.0,42.3,35.5,1
2,118.922,90.1017,28.8202,0.964,88.46154,1.843,57.911,18.87,64.9246,65.9,16.3,21.6,39.4,72.0,42.3,35.5,12,109.326,99.1533,10.1728,0.766,57.14286,2.035,34.182,34.218,65.3971,66.1,17.2,18.5,29.8,70.6,35.5,34.6,0
1,126.111,89.4872,36.6241,0.979,100.0,1.528,80.761,24.19,74.7701,75.4,16.1,20.3,30.4,76.6,32.3,36.5,11,113.403,97.4859,15.9175,0.878,65.38462,1.376,82.595,34.379,64.6928,65.5,16.7,17.6,30.8,75.8,31.7,36.7,0
11,113.403,97.4859,15.9175,0.878,65.38462,1.376,82.595,34.379,64.6928,65.5,16.7,17.6,30.8,75.8,31.7,36.7,1,126.111,89.4872,36.6241,0.979,100.0,1.528,80.761,24.19,74.7701,75.4,16.1,20.3,30.4,76.6,32.3,36.5,1
1,123.265,93.7679,29.4969,0.961,91.66667,1.967,57.416,27.876,68.3891,69.6,17.6,24.6,37.5,69.1,39.2,41.8,2,118.922,90.1017,28.8202,0.964,88.46154,1.843,57.911,18.87,64.9246,65.9,16.3,21.6,39.4,72.0,42.3,35.5,0
2,118.922,90.1017,28.8202,0.964,88.46154,1.843,57.911,18.87,64.9246,65.9,16.3,21.6,39.4,72.0,42.3,35.5,1,123.265,93.7679,29.4969,0.961,91.66667,1.967,57.416,27.876,68.3891,69.6,17.6,24.6,37.5,69.1,39.2,41.8,1
1,126.111,89.4872,36.6241,0.979,100.0,1.528,80.761,24.19,74.7701,75.4,16.1,20.3,30.4,76.6,32.3,36.5,1,123.265,93.7679,29.4969,0.961,91.66667,1.967,57.416,27.876,68.3891,69.6,17.6,24.6,37.5,69.1,39.2,41.8,1
1,123.265,93.7679,29.4969,0.961,91.66667,1.967,57.416,27.876,68.3891,69.6,17.6,24.6,37.5,69.1,39.2,41.8,1,126.111,89.4872,36.6241,0.979,100.0,1.528,80.761,24.19,74.7701,75.4,16.1,20.3,30.4,76.6,32.3,36.5,0
1,120.084,88.0911,31.9925,0.97,85.29412,0.687,88.931,37.373,72.2115,73.9,17.7,19.8,36.1,70.3,37.6,30.2,16,106.552,109.751,-3.19855,0.423,51.6129,1.355,0.2,14.601,64.7859,66.5,15.8,14.6,20.7,74.6,48.2,36.8,0
16,106.552,109.751,-3.19855,0.423,51.6129,1.355,0.2,14.601,64.7859,66.5,15.8,14.6,20.7,74.6,48.2,36.8,1,120.084,88.0911,31.9925,0.97,85.29412,0.687,88.931,37.373,72.2115,73.9,17.7,19.8,36.1,70.3,37.6,30.2,1
8,104.312,88.6222,15.6895,0.888,78.125,1.496,39.794,17.529,68.1835,69.6,20.1,23.5,31.0,69.4,41.1,30.7,9,110.31,95.7335,14.5761,0.874,74.19355,2.283,28.974,22.705,64.7843,66.3,17.5,18.3,29.6,70.5,36.1,35.4,1
9,110.31,95.7335,14.5761,0.874,74.19355,2.283,28.974,22.705,64.7843,66.3,17.5,18.3,29.6,70.5,36.1,35.4,8,104.312,88.6222,15.6895,0.888,78.125,1.496,39.794,17.529,68.1835,69.6,20.1,23.5,31.0,69.4,41.1,30.7,0
5,117.395,96.7173,20.6776,0.895,69.69697,1.657,82.586,32.171,67.4194,68.8,19.3,19.7,34.9,70.2,39.0,37.8,12,110.565,99.7435,10.8215,0.73,80.64516,1.845,0.345,11.295,61.7759,63.2,17.2,20.8,25.7,73.5,42.0,36.6,1
12,110.565,99.7435,10.8215,0.73,80.64516,1.845,0.345,11.295,61.7759,63.2,17.2,20.8,25.7,73.5,42.0,36.6,5,117.395,96.7173,20.6776,0.895,69.69697,1.657,82.586,32.171,67.4194,68.8,19.3,19.7,34.9,70.2,39.0,37.8,0
4,118.433,93.9634,24.4696,0.93,75.0,1.91,66.436,30.716,63.2505,65.0,17.5,21.7,29.8,72.6,45.0,39.4,13,102.575,96.3024,6.27254,0.661,65.71429,1.835,66.081,17.33,66.0798,67.5,19.0,19.4,36.1,74.7,32.6,30.8,0
13,102.575,96.3024,6.27254,0.661,65.71429,1.835,66.081,17.33,66.0798,67.5,19.0,19.4,36.1,74.7,32.6,30.8,4,118.433,93.9634,24.4696,0.93,75.0,1.91,66.436,30.716,63.2505,65.0,17.5,21.7,29.8,72.6,45.0,39.4,1
6,113.82,93.8429,19.9776,0.89,68.75,0.692,78.823,33.402,65.6376,67.6,19.8,14.3,33.9,75.3,37.0,35.3,11,114.834,101.76,13.0739,0.785,83.33333,1.44,6.407,14.18,71.1231,72.5,15.4,16.3,25.6,75.7,43.8,37.1,0
11,114.834,101.76,13.0739,0.785,83.33333,1.44,6.407,14.18,71.1231,72.5,15.4,16.3,25.6,75.7,43.8,37.1,6,113.82,93.8429,19.9776,0.89,68.75,0.692,78.823,33.402,65.6376,67.6,19.8,14.3,33.9,75.3,37.0,35.3,1
3,118.485,97.5196,20.9656,0.907,81.25,1.102,66.287,30.387,69.8753,71.3,18.2,20.7,37.3,69.6,34.3,32.3,14,111.702,103.115,8.58693,0.707,75.0,2.113,15.117,14.894,70.7049,72.1,18.1,15.2,26.3,75.6,34.6,37.4,0
14,111.702,103.115,8.58693,0.707,75.0,2.113,15.117,14.894,70.7049,72.1,18.1,15.2,26.3,75.6,34.6,37.4,3,118.485,97.5196,20.9656,0.907,81.25,1.102,66.287,30.387,69.8753,71.3,18.2,20.7,37.3,69.6,34.3,32.3,1
7,113.376,92.4055,20.9708,0.906,60.60606,1.928,53.581,35.477,67.1312,68.6,17.8,16.3,29.2,74.2,43.7,34.2,10,110.671,96.2136,14.4575,0.809,61.76471,1.7,71.523,34.824,67.4509,69.0,17.6,16.6,31.9,71.9,28.8,32.1,1
10,110.671,96.2136,14.4575,0.809,61.76471,1.7,71.523,34.824,67.4509,69.0,17.6,16.6,31.9,71.9,28.8,32.1,7,113.376,92.4055,20.9708,0.906,60.60606,1.928,53.581,35.477,67.1312,68.6,17.8,16.3,29.2,74.2,43.7,34.2,0
2,121.729,90.3679,31.3607,0.956,82.35294,1.768,70.057,37.031,67.4035,69.2,18.7,14.9,34.1,73.2,37.8,38.4,15,100.892,101.25,-0.35828,0.469,57.57576,1.997,3.589,11.714,65.0632,66.4,18.9,18.6,27.1,73.3,35.2,36.8,0
15,100.892,101.25,-0.35828,0.469,57.57576,1.997,3.589,11.714,65.0632,66.4,18.9,18.6,27.1,73.3,35.2,36.8,2,121.729,90.3679,31.3607,0.956,82.35294,1.768,70.057,37.031,67.4035,69.2,18.7,14.9,34.1,73.2,37.8,38.4,1
1,125.125,92.336,32.7887,0.971,90.90909,1.839,55.473,21.704,69.7687,72.0,14.5,18.9,30.6,72.9,35.3,36.5,16,106.184,110.432,-4.2487,0.357,58.06452,1.741,0.2,7.488,66.7742,68.1,19.4,20.4,29.4,66.9,35.0,40.4,0
16,106.184,110.432,-4.2487,0.357,58.06452,1.741,0.2,7.488,66.7742,68.1,19.4,20.4,29.4,66.9,35.0,40.4,1,125.125,92.336,32.7887,0.971,90.90909,1.839,55.473,21.704,69.7687,72.0,14.5,18.9,30.6,72.9,35.3,36.5,1
8,110.213,93.9133,16.3,0.86,60.60606,1.632,73.806,30.432,66.0629,67.4,18.4,23.2,30.1,66.7,42.8,33.0,9,113.517,98.2238,15.2935,0.821,59.375,1.457,57.749,32.475,65.2511,66.7,19.9,18.5,38.1,71.2,40.4,34.0,1
9,113.517,98.2238,15.2935,0.821,59.375,1.457,57.749,32.475,65.2511,66.7,19.9,18.5,38.1,71.2,40.4,34.0,8,110.213,93.9133,16.3,0.86,60.60606,1.632,73.806,30.432,66.0629,67.4,18.4,23.2,30.1,66.7,42.8,33.0,0
5,114.15,95.7294,18.4207,0.862,72.72727,1.536,71.641,24.34,68.5839,70.4,19.5,16.6,29.1,73.8,41.7,39.3,12,112.038,98.706,13.3317,0.79,86.2069,1.497,8.231,12.081,69.0116,70.1,17.2,19.5,32.4,70.0,36.9,34.4,1
12,112.038,98.706,13.3317,0.79,86.2069,1.497,8.231,12.081,69.0116,70.1,17.2,19.5,32.4,70.0,36.9,34.4,5,114.15,95.7294,18.4207,0.862,72.72727,1.536,71.641,24.34,68.5839,70.4,19.5,16.6,29.1,73.8,41.7,39.3,0
4,112.987,90.4293,22.5574,0.898,79.41176,1.929,59.895,32.314,68.2507,69.9,19.2,20.3,33.1,73.1,38.3,33.6,13,107.949,99.2286,8.72064,0.735,81.25,1.441,7.768,10.844,65.3218,66.6,16.6,19.4,27.5,78.2,40.4,35.3,0
13,107.949,99.2286,8.72064,0.735,81.25,1.441,7.768,10.844,65.3218,66.6,16.6,19.4,27.5,78.2,40.4,35.3,4,112.987,90.4293,22.5574,0.898,79.41176,1.929,59.895,32.314,68.2507,69.9,19.2,20.3,33.1,73.1,38.3,33.6,1
6,114.89,94.5531,20.337,0.88,90.90909,2.316,7.39,17.002,73.7602,75.2,15.6,20.4,31.6,73.3,43.9,33.6,11,109.774,98.5646,11.2091,0.773,68.75,1.328,71.073,21.239,70.4917,71.8,18.5,18.9,32.5,73.6,35.7,34.1,0
11,109.774,98.5646,11.2091,0.773,68.75,1.328,71.073,21.239,70.4917,71.8,18.5,18.9,32.5,73.6,35.7,34.1,6,114.89,94.5531,20.337,0.88,90.90909,2.316,7.39,17.002,73.7602,75.2,15.6,20.4,31.6,73.3,43.9,33.6,1
3,112.694,85.9468,26.7476,0.953,81.25,1.87,47.191,29.682,66.5403,67.7,18.2,23.0,28.6,71.4,35.5,36.8,14,109.235,102.676,6.55918,0.678,75.0,1.616,4.597,11.952,67.9179,69.4,17.6,18.5,30.7,73.5,41.5,36.4,0
14,109.235,102.676,6.55918,0.678,75.0,1.616,4.597,11.952,67.9179,69.4,17.6,18.5,30.7,73.5,41.5,36.4,3,112.694,85.9468,26.7476,0.953,81.25,1.87,47.191,29.682,66.5403,67.7,18.2,23.0,28.6,71.4,35.5,36.8,1
7,114.0,95.0771,18.9229,0.873,87.87879,2.696,35.414,15.433,69.2146,70.8,14.4,19.2,26.5,75.3,42.8,35.1,10,110.219,91.895,18.3239,0.892,55.88235,1.39,79.849,34.588,62.6903,64.3,18.0,22.6,31.1,68.3,43.4,33.5,1
10,110.219,91.895,18.3239,0.892,55.88235,1.39,79.849,34.588,62.6903,64.3,18.0,22.6,31.1,68.3,43.4,33.5,7,114.0,95.0771,18.9229,0.873,87.87879,2.696,35.414,15.433,69.2146,70.8,14.4,19.2,26.5,75.3,42.8,35.1,0
2,115.516,86.081,29.4352,0.966,82.35294,1.42,80.432,32.909,64.4257,65.8,13.5,18.3,24.5,74.5,40.2,35.0,15,107.36,103.814,3.54691,0.595,75.0,2.401,19.258,9.661,66.5497,67.8,17.4,19.3,27.7,75.0,38.3,38.3,0
15,107.36,103.814,3.54691,0.595,75.0,2.401,19.258,9.661,66.5497,67.8,17.4,19.3,27.7,75.0,38.3,38.3,2,115.516,86.081,29.4352,0.966,82.35294,1.42,80.432,32.909,64.4257,65.8,13.5,18.3,24.5,74.5,40.2,35.0,1
1,123.571,87.9163,35.6552,0.976,90.625,1.552,73.381,33.411,59.2665,60.9,14.7,17.8,30.0,74.1,38.7,40.9,16,107.475,108.218,-0.74352,0.454,64.51613,1.73,0.2,13.189,67.0883,68.5,16.8,18.1,22.6,69.0,37.3,37.7,0
16,107.475,108.218,-0.74352,0.454,64.51613,1.73,0.2,13.189,67.0883,68.5,16.8,18.1,22.6,69.0,37.3,37.7,1,123.571,87.9163,35.6552,0.976,90.625,1.552,73.381,33.411,59.2665,60.9,14.7,17.8,30.0,74.1,38.7,40.9,1
8,112.779,97.6963,15.0831,0.86,62.5,1.67,48.937,28.95,68.3346,69.7,18.2,21.0,30.4,70.5,39.5,35.8,9,109.401,93.8663,15.5345,0.863,59.375,2.126,58.325,35.499,68.6808,70.5,17.4,17.5,26.2,72.1,33.2,34.2,1
9,109.401,93.8663,15.5345,0.863,59.375,2.126,58.325,35.499,68.6808,70.5,17.4,17.5,26.2,72.1,33.2,34.2,8,112.779,97.6963,15.0831,0.86,62.5,1.67,48.937,28.95,68.3346,69.7,18.2,21.0,30.4,70.5,39.5,35.8,0
5,110.809,87.134,23.675,0.913,69.69697,1.84,59.597,36.867,63.61,64.8,14.4,17.2,24.0,73.5,34.1,36.6,12,107.7,92.5481,15.1521,0.826,65.71429,1.237,80.047,21.269,64.0656,65.5,17.8,21.0,29.7,71.9,39.3,34.3,1
12,107.7,92.5481,15.1521,0.826,65.71429,1.237,80.047,21.269,64.0656,65.5,17.8,21.0,29.7,71.9,39.3,34.3,5,110.809,87.134,23.675,0.913,69.69697,1.84,59.597,36.867,63.61,64.8,14.4,17.2,24.0,73.5,34.1,36.6,0
4,107.96,87.7377,20.2225,0.906,75.75758,2.149,48.118,32.441,63.0414,64.7,17.4,22.9,28.1,74.4,38.2,33.6,13,106.606,97.144,9.46217,0.724,85.29412,2.127,18.762,10.843,65.0838,66.6,17.1,16.7,33.6,73.6,32.0,36.0,1
13,106.606,97.144,9.46217,0.724,85.29412,2.127,18.762,10.843,65.0838,66.6,17.1,16.7,33.6,73.6,32.0,36.0,4,107.96,87.7377,20.2225,0.906,75.75758,2.149,48.118,32.441,63.0414,64.7,17.4,22.9,28.1,74.4,38.2,33.6,0
6,116.973,98.1987,18.7745,0.854,73.52941,1.66,68.466,25.545,63.6099,65.1,17.0,18.1,30.8,72.7,53.5,35.3,11,114.634,96.9231,17.7106,0.863,66.66667,1.414,27.239,22.544,62.6466,64.1,16.3,16.4,31.3,76.8,35.0,37.8,0
11,114.634,96.9231,17.7106,0.863,66.66667,1.414,27.239,22.544,62.6466,64.1,16.3,16.4,31.3,76.8,35.0,37.8,6,116.973,98.1987,18.7745,0.854,73.52941,1.66,68.466,25.545,63.6099,65.1,17.0,18.1,30.8,72.7,53.5,35.3,1
3,121.093,95.0422,26.0512,0.938,71.875,1.565,56.197,35.323,65.6263,67.0,15.9,19.5,35.0,73.4,44.5,36.4,14,101.929,96.3508,5.57853,0.64,76.47059,1.764,33.997,11.544,64.2892,65.8,17.9,18.6,32.3,75.2,37.3,35.3,0
14,101.929,96.3508,5.57853,0.64,76.47059,1.764,33.997,11.544,64.2892,65.8,17.9,18.6,32.3,75.2,37.3,35.3,3,121.093,95.0422,26.0512,0.938,71.875,1.565,56.197,35.323,65.6263,67.0,15.9,19.5,35.0,73.4,44.5,36.4,1
7,111.566,94.515,17.0509,0.885,82.35294,1.891,51.633,24.662,63.1993,64.9,16.1,20.9,37.6,70.6,33.1,35.0,10,117.163,101.207,15.9555,0.844,66.66667,1.504,55.647,31.994,69.3715,70.9,17.2,18.5,29.9,71.0,39.0,36.1,1
10,117.163,101.207,15.9555,0.844,66.66667,1.504,55.647,31.994,69.3715,70.9,17.2,18.5,29.9,71.0,39.0,36.1,7,111.566,94.515,17.0509,0.885,82.35294,1.891,51.633,24.662,63.1993,64.9,16.1,20.9,37.6,70.6,33.1,35.0,0
2,122.479,95.4987,26.98,0.951,84.84848,2.179,55.685,34.04,67.703,68.9,15.9,18.2,31.6,69.7,31.8,36.2,15,110.038,105.751,4.2867,0.577,69.69697,1.573,10.836,11.298,66.3489,67.9,19.3,18.0,30.3,73.1,41.0,39.1,0
15,110.038,105.751,4.2867,0.577,69.69697,1.573,10.836,11.298,66.3489,67.9,19.3,18.0,30.3,73.1,41.0,39.1,2,122.479,95.4987,26.98,0.951,84.84848,2.179,55.685,34.04,67.703,68.9,15.9,18.2,31.6,69.7,31.8,36.2,1
1,119.872,90.701,29.171,0.956,81.81818,1.759,76.654,36.978,74.2921,76.3,17.1,18.5,34.6,76.8,35.9,36.5,16,106.514,109.593,-3.07828,0.372,53.125,2.012,7.379,9.366,70.5217,72.0,17.3,18.6,25.7,69.9,43.6,35.1,0
16,106.514,109.593,-3.07828,0.372,53.125,2.012,7.379,9.366,70.5217,72.0,17.3,18.6,25.7,69.9,43.6,35.1,1,119.872,90.701,29.171,0.956,81.81818,1.759,76.654,36.978,74.2921,76.3,17.1,18.5,34.6,76.8,35.9,36.5,1
8,112.966,96.3467,16.6198,0.846,81.81818,1.314,9.835,16.722,67.7963,69.5,17.9,17.2,31.7,77.8,38.0,35.7,9,106.98,93.6134,13.3669,0.811,76.47059,2.147,74.311,23.31,65.8589,67.4,19.8,24.0,29.6,65.6,39.8,34.6,1
9,106.98,93.6134,13.3669,0.811,76.47059,2.147,74.311,23.31,65.8589,67.4,19.8,24.0,29.6,65.6,39.8,34.6,8,112.966,96.3467,16.6198,0.846,81.81818,1.314,9.835,16.722,67.7963,69.5,17.9,17.2,31.7,77.8,38.0,35.7,0
5,119.571,96.2397,23.3317,0.926,73.52941,2.174,57.754,32.322,67.5363,69.3,17.5,25.3,32.7,67.1,49.6,38.1,12,112.605,99.0173,13.588,0.802,87.5,2.0,13.806,10.958,65.5861,66.9,17.7,19.3,37.0,77.3,46.2,34.2,0
12,112.605,99.0173,13.588,0.802,87.5,2.0,13.806,10.958,65.5861,66.9,17.7,19.3,37.0,77.3,46.2,34.2,5,119.571,96.2397,23.3317,0.926,73.52941,2.174,57.754,32.322,67.5363,69.3,17.5,25.3,32.7,67.1,49.6,38.1,1
4,112.746,92.0406,20.7051,0.908,73.52941,1.073,89.423,38.465,69.9355,71.5,18.7,18.5,29.7,71.7,35.0,35.0,13,111.465,102.718,8.74685,0.685,69.69697,2.104,5.836,14.55,66.0293,67.5,16.7,16.7,22.7,75.7,46.3,38.8,0
13,111.465,102.718,8.74685,0.685,69.69697,2.104,5.836,14.55,66.0293,67.5,16.7,16.7,22.7,75.7,46.3,38.8,4,112.746,92.0406,20.7051,0.908,73.52941,1.073,89.423,38.465,69.9355,71.5,18.7,18.5,29.7,71.7,35.0,35.0,1
6,118.992,97.1452,21.8472,0.915,67.64706,1.485,56.016,33.257,67.6056,69.1,16.2,18.8,28.5,70.0,39.6,36.5,11,109.268,94.1896,15.0781,0.834,57.57576,1.46,56.419,33.733,65.6907,67.2,18.7,18.4,27.7,73.9,39.7,34.3,1
11,109.268,94.1896,15.0781,0.834,57.57576,1.46,56.419,33.733,65.6907,67.2,18.7,18.4,27.7,73.9,39.7,34.3,6,118.992,97.1452,21.8472,0.915,67.64706,1.485,56.016,33.257,67.6056,69.1,16.2,18.8,28.5,70.0,39.6,36.5,0
3,114.118,91.6934,22.4249,0.932,91.17647,1.802,36.791,21.749,66.1482,67.4,16.8,18.2,34.7,73.8,42.9,35.9,14,107.886,102.289,5.59737,0.667,71.875,2.184,41.152,15.85,69.8602,71.2,16.6,21.1,23.3,66.4,43.7,38.4,0
14,107.886,102.289,5.59737,0.667,71.875,2.184,41.152,15.85,69.8602,71.2,16.6,21.1,23.3,66.4,43.7,38.4,3,114.118,91.6934,22.4249,0.932,91.17647,1.802,36.791,21.749,66.1482,67.4,16.8,18.2,34.7,73.8,42.9,35.9,1
7,118.357,97.6422,20.7146,0.873,86.66667,1.792,1.063,18.861,65.6363,67.2,16.2,19.3,32.3,75.4,43.5,41.6,10,109.303,96.3961,12.9072,0.771,60.60606,1.521,54.346,26.683,68.9235,70.3,17.5,20.0,29.3,70.6,36.4,32.4,0
10,109.303,96.3961,12.9072,0.771,60.60606,1.521,54.346,26.683,68.9235,70.3,17.5,20.0,29.3,70.6,36.4,32.4,7,118.357,97.6422,20.7146,0.873,86.66667,1.792,1.063,18.861,65.6363,67.2,16.2,19.3,32.3,75.4,43.5,41.6,1
2,118.223,90.8094,27.4133,0.942,81.81818,0.592,95.376,33.711,65.8287,67.2,18.5,18.4,36.6,74.2,29.8,36.4,15,103.625,101.539,2.08626,0.534,79.31034,2.044,1.775,7.994,66.0042,67.1,17.4,23.4,27.7,72.2,34.2,38.3,0
15,103.625,101.539,2.08626,0.534,79.31034,2.044,1.775,7.994,66.0042,67.1,17.4,23.4,27.7,72.2,34.2,38.3,2,118.223,90.8094,27.4133,0.942,81.81818,0.592,95.376,33.711,65.8287,67.2,18.5,18.4,36.6,74.2,29.8,36.4,1
1,120.084,88.0911,31.9925,0.97,85.29412,0.687,88.931,37.373,72.2115,73.9,17.7,19.8,36.1,70.3,37.6,30.2,9,110.31,95.7335,14.5761,0.874,74.19355,2.283,28.974,22.705,64.7843,66.3,17.5,18.3,29.6,70.5,36.1,35.4,0
9,110.31,95.7335,14.5761,0.874,74.19355,2.283,28.974,22.705,64.7843,66.3,17.5,18.3,29.6,70.5,36.1,35.4,1,120.084,88.0911,31.9925,0.97,85.29412,0.687,88.931,37.373,72.2115,73.9,17.7,19.8,36.1,70.3,37.6,30.2,1
12,110.565,99.7435,10.8215,0.73,80.64516,1.845,0.345,11.295,61.7759,63.2,17.2,20.8,25.7,73.5,42.0,36.6,4,118.433,93.9634,24.4696,0.93,75.0,1.91,66.436,30.716,63.2505,65.0,17.5,21.7,29.8,72.6,45.0,39.4,1
4,118.433,93.9634,24.4696,0.93,75.0,1.91,66.436,30.716,63.2505,65.0,17.5,21.7,29.8,72.6,45.0,39.4,12,110.565,99.7435,10.8215,0.73,80.64516,1.845,0.345,11.295,61.7759,63.2,17.2,20.8,25.7,73.5,42.0,36.6,0
6,113.82,93.8429,19.9776,0.89,68.75,0.692,78.823,33.402,65.6376,67.6,19.8,14.3,33.9,75.3,37.0,35.3,3,118.485,97.5196,20.9656,0.907,81.25,1.102,66.287,30.387,69.8753,71.3,18.2,20.7,37.3,69.6,34.3,32.3,1
3,118.485,97.5196,20.9656,0.907,81.25,1.102,66.287,30.387,69.8753,71.3,18.2,20.7,37.3,69.6,34.3,32.3,6,113.82,93.8429,19.9776,0.89,68.75,0.692,78.823,33.402,65.6376,67.6,19.8,14.3,33.9,75.3,37.0,35.3,0
10,110.671,96.2136,14.4575,0.809,61.76471,1.7,71.523,34.824,67.4509,69.0,17.6,16.6,31.9,71.9,28.8,32.1,2,121.729,90.3679,31.3607,0.956,82.35294,1.768,70.057,37.031,67.4035,69.2,18.7,14.9,34.1,73.2,37.8,38.4,1
2,121.729,90.3679,31.3607,0.956,82.35294,1.768,70.057,37.031,67.4035,69.2,18.7,14.9,34.1,73.2,37.8,38.4,10,110.671,96.2136,14.4575,0.809,61.76471,1.7,71.523,34.824,67.4509,69.0,17.6,16.6,31.9,71.9,28.8,32.1,0
1,125.125,92.336,32.7887,0.971,90.90909,1.839,55.473,21.704,69.7687,72.0,14.5,18.9,30.6,72.9,35.3,36.5,9,113.517,98.2238,15.2935,0.821,59.375,1.457,57.749,32.475,65.2511,66.7,19.9,18.5,38.1,71.2,40.4,34.0,0
9,113.517,98.2238,15.2935,0.821,59.375,1.457,57.749,32.475,65.2511,66.7,19.9,18.5,38.1,71.2,40.4,34.0,1,125.125,92.336,32.7887,0.971,90.90909,1.839,55.473,21.704,69.7687,72.0,14.5,18.9,30.6,72.9,35.3,36.5,1
12,112.038,98.706,13.3317,0.79,86.2069,1.497,8.231,12.081,69.0116,70.1,17.2,19.5,32.4,70.0,36.9,34.4,4,112.987,90.4293,22.5574,0.898,79.41176,1.929,59.895,32.314,68.2507,69.9,19.2,20.3,33.1,73.1,38.3,33.6,1
4,112.987,90.4293,22.5574,0.898,79.41176,1.929,59.895,32.314,68.2507,69.9,19.2,20.3,33.1,73.1,38.3,33.6,12,112.038,98.706,13.3317,0.79,86.2069,1.497,8.231,12.081,69.0116,70.1,17.2,19.5,32.4,70.0,36.9,34.4,0
6,114.89,94.5531,20.337,0.88,90.90909,2.316,7.39,17.002,73.7602,75.2,15.6,20.4,31.6,73.3,43.9,33.6,3,112.694,85.9468,26.7476,0.953,81.25,1.87,47.191,29.682,66.5403,67.7,18.2,23.0,28.6,71.4,35.5,36.8,1
3,112.694,85.9468,26.7476,0.953,81.25,1.87,47.191,29.682,66.5403,67.7,18.2,23.0,28.6,71.4,35.5,36.8,6,114.89,94.5531,20.337,0.88,90.90909,2.316,7.39,17.002,73.7602,75.2,15.6,20.4,31.6,73.3,43.9,33.6,0
10,110.219,91.895,18.3239,0.892,55.88235,1.39,79.849,34.588,62.6903,64.3,18.0,22.6,31.1,68.3,43.4,33.5,2,115.516,86.081,29.4352,0.966,82.35294,1.42,80.432,32.909,64.4257,65.8,13.5,18.3,24.5,74.5,40.2,35.0,1
2,115.516,86.081,29.4352,0.966,82.35294,1.42,80.432,32.909,64.4257,65.8,13.5,18.3,24.5,74.5,40.2,35.0,10,110.219,91.895,18.3239,0.892,55.88235,1.39,79.849,34.588,62.6903,64.3,18.0,22.6,31.1,68.3,43.4,33.5,0
1,123.571,87.9163,35.6552,0.976,90.625,1.552,73.381,33.411,59.2665,60.9,14.7,17.8,30.0,74.1,38.7,40.9,9,109.401,93.8663,15.5345,0.863,59.375,2.126,58.325,35.499,68.6808,70.5,17.4,17.5,26.2,72.1,33.2,34.2,0
9,109.401,93.8663,15.5345,0.863,59.375,2.126,58.325,35.499,68.6808,70.5,17.4,17.5,26.2,72.1,33.2,34.2,1,123.571,87.9163,35.6552,0.976,90.625,1.552,73.381,33.411,59.2665,60.9,14.7,17.8,30.0,74.1,38.7,40.9,1
12,107.7,92.5481,15.1521,0.826,65.71429,1.237,80.047,21.269,64.0656,65.5,17.8,21.0,29.7,71.9,39.3,34.3,13,106.606,97.144,9.46217,0.724,85.29412,2.127,18.762,10.843,65.0838,66.6,17.1,16.7,33.6,73.6,32.0,36.0,0
13,106.606,97.144,9.46217,0.724,85.29412,2.127,18.762,10.843,65.0838,66.6,17.1,16.7,33.6,73.6,32.0,36.0,12,107.7,92.5481,15.1521,0.826,65.71429,1.237,80.047,21.269,64.0656,65.5,17.8,21.0,29.7,71.9,39.3,34.3,1
6,116.973,98.1987,18.7745,0.854,73.52941,1.66,68.466,25.545,63.6099,65.1,17.0,18.1,30.8,72.7,53.5,35.3,3,121.093,95.0422,26.0512,0.938,71.875,1.565,56.197,35.323,65.6263,67.0,15.9,19.5,35.0,73.4,44.5,36.4,1
3,121.093,95.0422,26.0512,0.938,71.875,1.565,56.197,35.323,65.6263,67.0,15.9,19.5,35.0,73.4,44.5,36.4,6,116.973,98.1987,18.7745,0.854,73.52941,1.66,68.466,25.545,63.6099,65.1,17.0,18.1,30.8,72.7,53.5,35.3,0
10,117.163,101.207,15.9555,0.844,66.66667,1.504,55.647,31.994,69.3715,70.9,17.2,18.5,29.9,71.0,39.0,36.1,2,122.479,95.4987,26.98,0.951,84.84848,2.179,55.685,34.04,67.703,68.9,15.9,18.2,31.6,69.7,31.8,36.2,1
2,122.479,95.4987,26.98,0.951,84.84848,2.179,55.685,34.04,67.703,68.9,15.9,18.2,31.6,69.7,31.8,36.2,10,117.163,101.207,15.9555,0.844,66.66667,1.504,55.647,31.994,69.3715,70.9,17.2,18.5,29.9,71.0,39.0,36.1,0
1,119.872,90.701,29.171,0.956,81.81818,1.759,76.654,36.978,74.2921,76.3,17.1,18.5,34.6,76.8,35.9,36.5,9,106.98,93.6134,13.3669,0.811,76.47059,2.147,74.311,23.31,65.8589,67.4,19.8,24.0,29.6,65.6,39.8,34.6,0
9,106.98,93.6134,13.3669,0.811,76.47059,2.147,74.311,23.31,65.8589,67.4,19.8,24.0,29.6,65.6,39.8,34.6,1,119.872,90.701,29.171,0.956,81.81818,1.759,76.654,36.978,74.2921,76.3,17.1,18.5,34.6,76.8,35.9,36.5,1
5,119.571,96.2397,23.3317,0.926,73.52941,2.174,57.754,32.322,67.5363,69.3,17.5,25.3,32.7,67.1,49.6,38.1,4,112.746,92.0406,20.7051,0.908,73.52941,1.073,89.423,38.465,69.9355,71.5,18.7,18.5,29.7,71.7,35.0,35.0,0
4,112.746,92.0406,20.7051,0.908,73.52941,1.073,89.423,38.465,69.9355,71.5,18.7,18.5,29.7,71.7,35.0,35.0,5,119.571,96.2397,23.3317,0.926,73.52941,2.174,57.754,32.322,67.5363,69.3,17.5,25.3,32.7,67.1,49.6,38.1,1
11,109.268,94.1896,15.0781,0.834,57.57576,1.46,56.419,33.733,65.6907,67.2,18.7,18.4,27.7,73.9,39.7,34.3,3,114.118,91.6934,22.4249,0.932,91.17647,1.802,36.791,21.749,66.1482,67.4,16.8,18.2,34.7,73.8,42.9,35.9,1
3,114.118,91.6934,22.4249,0.932,91.17647,1.802,36.791,21.749,66.1482,67.4,16.8,18.2,34.7,73.8,42.9,35.9,11,109.268,94.1896,15.0781,0.834,57.57576,1.46,56.419,33.733,65.6907,67.2,18.7,18.4,27.7,73.9,39.7,34.3,0
7,118.357,97.6422,20.7146,0.873,86.66667,1.792,1.063,18.861,65.6363,67.2,16.2,19.3,32.3,75.4,43.5,41.6,2,118.223,90.8094,27.4133,0.942,81.81818,0.592,95.376,33.711,65.8287,67.2,18.5,18.4,36.6,74.2,29.8,36.4,1
2,118.223,90.8094,27.4133,0.942,81.81818,0.592,95.376,33.711,65.8287,67.2,18.5,18.4,36.6,74.2,29.8,36.4,7,118.357,97.6422,20.7146,0.873,86.66667,1.792,1.063,18.861,65.6363,67.2,16.2,19.3,32.3,75.4,43.5,41.6,0
1,120.084,88.0911,31.9925,0.97,85.29412,0.687,88.931,37.373,72.2115,73.9,17.7,19.8,36.1,70.3,37.6,30.2,4,118.433,93.9634,24.4696,0.93,75.0,1.91,66.436,30.716,63.2505,65.0,17.5,21.7,29.8,72.6,45.0,39.4,0
4,118.433,93.9634,24.4696,0.93,75.0,1.91,66.436,30.716,63.2505,65.0,17.5,21.7,29.8,72.6,45.0,39.4,1,120.084,88.0911,31.9925,0.97,85.29412,0.687,88.931,37.373,72.2115,73.9,17.7,19.8,36.1,70.3,37.6,30.2,1
3,118.485,97.5196,20.9656,0.907,81.25,1.102,66.287,30.387,69.8753,71.3,18.2,20.7,37.3,69.6,34.3,32.3,2,121.729,90.3679,31.3607,0.956,82.35294,1.768,70.057,37.031,67.4035,69.2,18.7,14.9,34.1,73.2,37.8,38.4,1
2,121.729,90.3679,31.3607,0.956,82.35294,1.768,70.057,37.031,67.4035,69.2,18.7,14.9,34.1,73.2,37.8,38.4,3,118.485,97.5196,20.9656,0.907,81.25,1.102,66.287,30.387,69.8753,71.3,18.2,20.7,37.3,69.6,34.3,32.3,0
1,125.125,92.336,32.7887,0.971,90.90909,1.839,55.473,21.704,69.7687,72.0,14.5,18.9,30.6,72.9,35.3,36.5,4,112.987,90.4293,22.5574,0.898,79.41176,1.929,59.895,32.314,68.2507,69.9,19.2,20.3,33.1,73.1,38.3,33.6,0
4,112.987,90.4293,22.5574,0.898,79.41176,1.929,59.895,32.314,68.2507,69.9,19.2,20.3,33.1,73.1,38.3,33.6,1,125.125,92.336,32.7887,0.971,90.90909,1.839,55.473,21.704,69.7687,72.0,14.5,18.9,30.6,72.9,35.3,36.5,1
3,112.694,85.9468,26.7476,0.953,81.25,1.87,47.191,29.682,66.5403,67.7,18.2,23.0,28.6,71.4,35.5,36.8,2,115.516,86.081,29.4352,0.966,82.35294,1.42,80.432,32.909,64.4257,65.8,13.5,18.3,24.5,74.5,40.2,35.0,0
2,115.516,86.081,29.4352,0.966,82.35294,1.42,80.432,32.909,64.4257,65.8,13.5,18.3,24.5,74.5,40.2,35.0,3,112.694,85.9468,26.7476,0.953,81.25,1.87,47.191,29.682,66.5403,67.7,18.2,23.0,28.6,71.4,35.5,36.8,1
1,123.571,87.9163,35.6552,0.976,90.625,1.552,73.381,33.411,59.2665,60.9,14.7,17.8,30.0,74.1,38.7,40.9,12,107.7,92.5481,15.1521,0.826,65.71429,1.237,80.047,21.269,64.0656,65.5,17.8,21.0,29.7,71.9,39.3,34.3,0
12,107.7,92.5481,15.1521,0.826,65.71429,1.237,80.047,21.269,64.0656,65.5,17.8,21.0,29.7,71.9,39.3,34.3,1,123.571,87.9163,35.6552,0.976,90.625,1.552,73.381,33.411,59.2665,60.9,14.7,17.8,30.0,74.1,38.7,40.9,1
3,121.093,95.0422,26.0512,0.938,71.875,1.565,56.197,35.323,65.6263,67.0,15.9,19.5,35.0,73.4,44.5,36.4,2,122.479,95.4987,26.98,0.951,84.84848,2.179,55.685,34.04,67.703,68.9,15.9,18.2,31.6,69.7,31.8,36.2,0
2,122.479,95.4987,26.98,0.951,84.84848,2.179,55.685,34.04,67.703,68.9,15.9,18.2,31.6,69.7,31.8,36.2,3,121.093,95.0422,26.0512,0.938,71.875,1.565,56.197,35.323,65.6263,67.0,15.9,19.5,35.0,73.4,44.5,36.4,1
1,119.872,90.701,29.171,0.956,81.81818,1.759,76.654,36.978,74.2921,76.3,17.1,18.5,34.6,76.8,35.9,36.5,5,119.571,96.2397,23.3317,0.926,73.52941,2.174,57.754,32.322,67.5363,69.3,17.5,25.3,32.7,67.1,49.6,38.1,1
5,119.571,96.2397,23.3317,0.926,73.52941,2.174,57.754,32.322,67.5363,69.3,17.5,25.3,32.7,67.1,49.6,38.1,1,119.872,90.701,29.171,0.956,81.81818,1.759,76.654,36.978,74.2921,76.3,17.1,18.5,34.6,76.8,35.9,36.5,0
3,114.118,91.6934,22.4249,0.932,91.17647,1.802,36.791,21.749,66.1482,67.4,16.8,18.2,34.7,73.8,42.9,35.9,2,118.223,90.8094,27.4133,0.942,81.81818,0.592,95.376,33.711,65.8287,67.2,18.5,18.4,36.6,74.2,29.8,36.4,1
2,118.223,90.8094,27.4133,0.942,81.81818,0.592,95.376,33.711,65.8287,67.2,18.5,18.4,36.6,74.2,29.8,36.4,3,114.118,91.6934,22.4249,0.932,91.17647,1.802,36.791,21.749,66.1482,67.4,16.8,18.2,34.7,73.8,42.9,35.9,0
1,120.084,88.0911,31.9925,0.97,85.29412,0.687,88.931,37.373,72.2115,73.9,17.7,19.8,36.1,70.3,37.6,30.2,2,121.729,90.3679,31.3607,0.956,82.35294,1.768,70.057,37.031,67.4035,69.2,18.7,14.9,34.1,73.2,37.8,38.4,1
2,121.729,90.3679,31.3607,0.956,82.35294,1.768,70.057,37.031,67.4035,69.2,18.7,14.9,34.1,73.2,37.8,38.4,1,120.084,88.0911,31.9925,0.97,85.29412,0.687,88.931,37.373,72.2115,73.9,17.7,19.8,36.1,70.3,37.6,30.2,0
1,125.125,92.336,32.7887,0.971,90.90909,1.839,55.473,21.704,69.7687,72.0,14.5,18.9,30.6,72.9,35.3,36.5,3,112.694,85.9468,26.7476,0.953,81.25,1.87,47.191,29.682,66.5403,67.7,18.2,23.0,28.6,71.4,35.5,36.8,1
3,112.694,85.9468,26.7476,0.953,81.25,1.87,47.191,29.682,66.5403,67.7,18.2,23.0,28.6,71.4,35.5,36.8,1,125.125,92.336,32.7887,0.971,90.90909,1.839,55.473,21.704,69.7687,72.0,14.5,18.9,30.6,72.9,35.3,36.5,0
1,123.571,87.9163,35.6552,0.976,90.625,1.552,73.381,33.411,59.2665,60.9,14.7,17.8,30.0,74.1,38.7,40.9,3,121.093,95.0422,26.0512,0.938,71.875,1.565,56.197,35.323,65.6263,67.0,15.9,19.5,35.0,73.4,44.5,36.4,0
3,121.093,95.0422,26.0512,0.938,71.875,1.565,56.197,35.323,65.6263,67.0,15.9,19.5,35.0,73.4,44.5,36.4,1,123.571,87.9163,35.6552,0.976,90.625,1.552,73.381,33.411,59.2665,60.9,14.7,17.8,30.0,74.1,38.7,40.9,1
5,119.571,96.2397,23.3317,0.926,73.52941,2.174,57.754,32.322,67.5363,69.3,17.5,25.3,32.7,67.1,49.6,38.1,2,118.223,90.8094,27.4133,0.942,81.81818,0.592,95.376,33.711,65.8287,67.2,18.5,18.4,36.6,74.2,29.8,36.4,0
2,118.223,90.8094,27.4133,0.942,81.81818,0.592,95.376,33.711,65.8287,67.2,18.5,18.4,36.6,74.2,29.8,36.4,5,119.571,96.2397,23.3317,0.926,73.52941,2.174,57.754,32.322,67.5363,69.3,17.5,25.3,32.7,67.1,49.6,38.1,1
2,121.729,90.3679,31.3607,0.956,82.35294,1.768,70.057,37.031,67.4035,69.2,18.7,14.9,34.1,73.2,37.8,38.4,3,112.694,85.9468,26.7476,0.953,81.25,1.87,47.191,29.682,66.5403,67.7,18.2,23.0,28.6,71.4,35.5,36.8,1
3,112.694,85.9468,26.7476,0.953,81.25,1.87,47.191,29.682,66.5403,67.7,18.2,23.0,28.6,71.4,35.5,36.8,2,121.729,90.3679,31.3607,0.956,82.35294,1.768,70.057,37.031,67.4035,69.2,18.7,14.9,34.1,73.2,37.8,38.4,0
1,123.571,87.9163,35.6552,0.976,90.625,1.552,73.381,33.411,59.2665,60.9,14.7,17.8,30.0,74.1,38.7,40.9,5,119.571,96.2397,23.3317,0.926,73.52941,2.174,57.754,32.322,67.5363,69.3,17.5,25.3,32.7,67.1,49.6,38.1,0
5,119.571,96.2397,23.3317,0.926,73.52941,2.174,57.754,32.322,67.5363,69.3,17.5,25.3,32.7,67.1,49.6,38.1,1,123.571,87.9163,35.6552,0.976,90.625,1.552,73.381,33.411,59.2665,60.9,14.7,17.8,30.0,74.1,38.7,40.9,1
3,112.694,85.9468,26.7476,0.953,81.25,1.87,47.191,29.682,66.5403,67.7,18.2,23.0,28.6,71.4,35.5,36.8,1,123.571,87.9163,35.6552,0.976,90.625,1.552,73.381,33.411,59.2665,60.9,14.7,17.8,30.0,74.1,38.7,40.9,1
1,123.571,87.9163,35.6552,0.976,90.625,1.552,73.381,33.411,59.2665,60.9,14.7,17.8,30.0,74.1,38.7,40.9,3,112.694,85.9468,26.7476,0.953,81.25,1.87,47.191,29.682,66.5403,67.7,18.2,23.0,28.6,71.4,35.5,36.8,0
1,116.528,84.3753,32.1527,0.971,93.93939,1.72,71.072,30.429,59.1912,60.4,14.1,21.0,27.4,74.3,34.8,39.0,16,103.389,105.297,-1.9086,0.418,67.74194,1.951,10.296,11.536,68.1857,69.3,16.9,20.7,26.4,71.0,44.1,38.2,1
16,103.389,105.297,-1.9086,0.418,67.74194,1.951,10.296,11.536,68.1857,69.3,16.9,20.7,26.4,71.0,44.1,38.2,1,116.528,84.3753,32.1527,0.971,93.93939,1.72,71.072,30.429,59.1912,60.4,14.1,21.0,27.4,74.3,34.8,39.0,0
8,116.454,99.1744,17.2792,0.899,64.51613,1.695,48.746,32.808,70.8444,72.3,15.4,15.8,21.8,75.3,44.7,37.6,9,112.178,97.4236,14.7543,0.862,66.66667,1.344,47.73,31.68,65.5437,66.5,17.2,21.4,26.1,67.8,36.8,34.4,1
9,112.178,97.4236,14.7543,0.862,66.66667,1.344,47.73,31.68,65.5437,66.5,17.2,21.4,26.1,67.8,36.8,34.4,8,116.454,99.1744,17.2792,0.899,64.51613,1.695,48.746,32.808,70.8444,72.3,15.4,15.8,21.8,75.3,44.7,37.6,0
5,116.426,96.019,20.4069,0.893,70.58824,0.189,95.962,31.972,68.5818,70.0,18.6,17.1,35.6,68.7,26.2,36.1,12,117.399,102.494,14.9051,0.816,65.625,1.744,20.885,18.185,64.1645,65.4,14.5,16.2,22.7,76.6,48.2,39.1,0
12,117.399,102.494,14.9051,0.816,65.625,1.744,20.885,18.185,64.1645,65.4,14.5,16.2,22.7,76.6,48.2,39.1,5,116.426,96.019,20.4069,0.893,70.58824,0.189,95.962,31.972,68.5818,70.0,18.6,17.1,35.6,68.7,26.2,36.1,1
4,119.012,99.6425,19.3692,0.862,79.41176,1.51,82.727,22.509,67.313,68.5,17.6,16.7,33.2,75.0,32.2,37.7,13,114.284,103.791,10.4931,0.763,75.75758,1.751,10.891,14.057,72.8022,74.0,16.6,18.2,32.0,71.4,40.0,37.2,1
13,114.284,103.791,10.4931,0.763,75.75758,1.751,10.891,14.057,72.8022,74.0,16.6,18.2,32.0,71.4,40.0,37.2,4,119.012,99.6425,19.3692,0.862,79.41176,1.51,82.727,22.509,67.313,68.5,17.6,16.7,33.2,75.0,32.2,37.7,0
6,113.309,97.5988,15.7103,0.869,70.96774,1.249,81.652,28.51,67.0632,68.3,16.5,18.9,29.0,71.7,36.5,36.3,11,111.331,96.1911,15.1402,0.797,84.375,1.803,16.801,14.914,65.3221,66.5,18.8,20.0,22.1,74.1,35.7,40.0,1
11,111.331,96.1911,15.1402,0.797,84.375,1.803,16.801,14.914,65.3221,66.5,18.8,20.0,22.1,74.1,35.7,40.0,6,113.309,97.5988,15.7103,0.869,70.96774,1.249,81.652,28.51,67.0632,68.3,16.5,18.9,29.0,71.7,36.5,36.3,0
3,114.839,92.6901,22.1486,0.921,75.75758,1.393,47.881,32.934,66.1739,67.3,18.0,20.6,33.6,68.5,35.6,38.4,14,101.068,98.251,2.81674,0.59,71.875,1.455,0.375,11.684,68.2124,69.3,18.6,21.1,28.8,75.1,35.0,34.0,0
14,101.068,98.251,2.81674,0.59,71.875,1.455,0.375,11.684,68.2124,69.3,18.6,21.1,28.8,75.1,35.0,34.0,3,114.839,92.6901,22.1486,0.921,75.75758,1.393,47.881,32.934,66.1739,67.3,18.0,20.6,33.6,68.5,35.6,38.4,1
7,119.901,101.72,18.1814,0.85,79.41176,2.161,57.081,19.663,69.4886,70.9,13.9,18.2,27.4,70.9,40.4,39.8,10,109.372,93.914,15.4577,0.861,57.57576,0.957,74.625,36.484,65.2086,66.7,17.1,18.3,29.4,70.5,38.2,31.5,0
10,109.372,93.914,15.4577,0.861,57.57576,0.957,74.625,36.484,65.2086,66.7,17.1,18.3,29.4,70.5,38.2,31.5,7,119.901,101.72,18.1814,0.85,79.41176,2.161,57.081,19.663,69.4886,70.9,13.9,18.2,27.4,70.9,40.4,39.8,1
2,113.155,86.158,26.9966,0.947,88.23529,1.731,63.963,21.576,64.6798,66.5,17.3,22.3,38.1,71.3,35.2,35.7,15,109.045,101.835,7.20921,0.673,68.75,1.916,31.565,9.801,66.8969,67.9,16.7,20.8,25.8,67.2,41.1,39.1,0
15,109.045,101.835,7.20921,0.673,68.75,1.916,31.565,9.801,66.8969,67.9,16.7,20.8,25.8,67.2,41.1,39.1,2,113.155,86.158,26.9966,0.947,88.23529,1.731,63.963,21.576,64.6798,66.5,17.3,22.3,38.1,71.3,35.2,35.7,1
1,120.74,99.0492,21.6909,0.927,84.84848,1.844,76.28,31.853,70.4307,71.6,17.0,15.7,30.0,77.1,36.0,36.9,16,105.281,112.94,-7.659,0.298,44.11765,2.025,30.177,18.818,71.5742,72.5,17.2,16.0,28.5,67.8,36.8,36.3,0
16,105.281,112.94,-7.659,0.298,44.11765,2.025,30.177,18.818,71.5742,72.5,17.2,16.0,28.5,67.8,36.8,36.3,1,120.74,99.0492,21.6909,0.927,84.84848,1.844,76.28,31.853,70.4307,71.6,17.0,15.7,30.0,77.1,36.0,36.9,1
8,113.275,97.803,15.4717,0.863,61.29032,1.805,45.402,29.725,65.6199,66.8,20.7,16.0,30.8,71.7,45.5,39.2,9,115.822,99.9984,15.8239,0.851,64.51613,1.607,59.86,29.762,71.6051,73.0,17.6,19.1,33.2,69.9,36.9,35.1,1
9,115.822,99.9984,15.8239,0.851,64.51613,1.607,59.86,29.762,71.6051,73.0,17.6,19.1,33.2,69.9,36.9,35.1,8,113.275,97.803,15.4717,0.863,61.29032,1.805,45.402,29.725,65.6199,66.8,20.7,16.0,30.8,71.7,45.5,39.2,0
5,116.15,95.0408,21.1094,0.923,75.0,1.815,59.776,29.904,66.3996,67.8,17.3,18.0,30.3,75.1,33.2,35.3,12,114.629,104.038,10.5907,0.79,80.0,2.117,2.923,15.634,70.2629,71.4,13.8,14.3,24.7,77.1,43.5,39.2,0
12,114.629,104.038,10.5907,0.79,80.0,2.117,2.923,15.634,70.2629,71.4,13.8,14.3,24.7,77.1,43.5,39.2,5,116.15,95.0408,21.1094,0.923,75.0,1.815,59.776,29.904,66.3996,67.8,17.3,18.0,30.3,75.1,33.2,35.3,1
4,119.824,95.0891,24.7352,0.924,88.23529,1.51,73.63,19.117,68.9851,70.3,16.0,17.4,33.0,77.3,39.6,37.4,13,105.672,96.6156,9.0562,0.699,77.41935,1.785,0.208,12.559,64.9776,66.1,19.8,21.6,33.7,76.2,45.9,35.6,0
13,105.672,96.6156,9.0562,0.699,77.41935,1.785,0.208,12.559,64.9776,66.1,19.8,21.6,33.7,76.2,45.9,35.6,4,119.824,95.0891,24.7352,0.924,88.23529,1.51,73.63,19.117,68.9851,70.3,16.0,17.4,33.0,77.3,39.6,37.4,1
6,115.787,95.2473,20.5396,0.895,78.78788,2.125,24.411,20.996,68.2176,69.4,17.8,19.4,34.7,74.2,37.7,38.7,11,111.286,97.1358,14.1504,0.841,67.74194,1.608,61.723,19.129,68.6523,70.0,17.0,19.3,31.8,74.7,36.1,34.3,0
11,111.286,97.1358,14.1504,0.841,67.74194,1.608,61.723,19.129,68.6523,70.0,17.0,19.3,31.8,74.7,36.1,34.3,6,115.787,95.2473,20.5396,0.895,78.78788,2.125,24.411,20.996,68.2176,69.4,17.8,19.4,34.7,74.2,37.7,38.7,1
3,115.9,92.7095,23.1909,0.919,79.41176,1.626,56.368,32.027,64.3592,65.7,13.9,19.4,26.0,75.6,43.1,36.4,14,110.144,99.3132,10.8304,0.72,77.41935,1.738,16.392,13.047,67.9708,69.1,17.4,21.2,34.0,73.6,27.2,34.1,0
14,110.144,99.3132,10.8304,0.72,77.41935,1.738,16.392,13.047,67.9708,69.1,17.4,21.2,34.0,73.6,27.2,34.1,3,115.9,92.7095,23.1909,0.919,79.41176,1.626,56.368,32.027,64.3592,65.7,13.9,19.4,26.0,75.6,43.1,36.4,1
7,111.204,94.2949,16.9086,0.869,62.5,1.551,82.201,33.417,69.0256,70.0,19.2,15.9,34.3,71.7,33.2,32.7,10,108.926,97.0075,11.9189,0.797,61.76471,1.894,60.949,34.553,67.0963,68.3,17.6,18.9,29.4,71.1,33.0,33.3,0
10,108.926,97.0075,11.9189,0.797,61.76471,1.894,60.949,34.553,67.0963,68.3,17.6,18.9,29.4,71.1,33.0,33.3,7,111.204,94.2949,16.9086,0.869,62.5,1.551,82.201,33.417,69.0256,70.0,19.2,15.9,34.3,71.7,33.2,32.7,1
2,121.959,96.9241,25.0348,0.93,71.42857,1.844,77.447,39.014,70.9501,72.5,16.8,16.2,38.4,74.0,34.9,36.4,15,103.793,103.43,0.363623,0.523,68.96552,1.601,5.68,15.067,74.8966,75.9,20.1,19.8,28.0,75.9,38.9,33.0,0
15,103.793,103.43,0.363623,0.523,68.96552,1.601,5.68,15.067,74.8966,75.9,20.1,19.8,28.0,75.9,38.9,33.0,2,121.959,96.9241,25.0348,0.93,71.42857,1.844,77.447,39.014,70.9501,72.5,16.8,16.2,38.4,74.0,34.9,36.4,1
1,127.384,95.9749,31.4091,0.966,88.23529,1.313,80.592,32.489,68.277,69.5,14.6,18.5,28.8,73.3,46.6,39.8,16,103.581,103.629,-0.04778,0.453,62.5,1.584,1.613,12.213,62.7351,64.0,18.6,20.2,32.2,71.7,39.8,35.1,0
16,103.581,103.629,-0.04778,0.453,62.5,1.584,1.613,12.213,62.7351,64.0,18.6,20.2,32.2,71.7,39.8,35.1,1,127.384,95.9749,31.4091,0.966,88.23529,1.313,80.592,32.489,68.277,69.5,14.6,18.5,28.8,73.3,46.6,39.8,1
8,115.016,98.3773,16.6388,0.85,65.625,1.785,75.538,29.946,68.6757,70.3,16.9,18.4,23.5,70.9,40.1,38.5,9,108.459,94.6334,13.8252,0.801,55.88235,0.744,73.914,30.311,68.7962,70.0,20.1,18.7,29.1,69.4,35.6,32.5,1
9,108.459,94.6334,13.8252,0.801,55.88235,0.744,73.914,30.311,68.7962,70.0,20.1,18.7,29.1,69.4,35.6,32.5,8,115.016,98.3773,16.6388,0.85,65.625,1.785,75.538,29.946,68.6757,70.3,16.9,18.4,23.5,70.9,40.1,38.5,0
5,119.151,97.3766,21.7748,0.929,70.58824,1.669,38.54,33.146,69.0413,71.2,16.5,23.3,36.6,70.0,38.9,35.3,12,113.139,100.444,12.6951,0.745,82.75862,1.887,0.2,10.363,67.3002,68.0,17.3,18.2,32.5,72.8,39.7,37.4,0
12,113.139,100.444,12.6951,0.745,82.75862,1.887,0.2,10.363,67.3002,68.0,17.3,18.2,32.5,72.8,39.7,37.4,5,119.151,97.3766,21.7748,0.929,70.58824,1.669,38.54,33.146,69.0413,71.2,16.5,23.3,36.6,70.0,38.9,35.3,1
4,121.925,101.857,20.068,0.877,78.125,2.303,38.199,24.125,68.6357,70.2,16.4,16.4,35.2,77.3,39.0,38.5,13,109.328,103.944,5.38402,0.618,69.69697,1.443,2.18,16.115,74.8308,76.1,17.2,18.2,22.3,68.4,45.7,35.5,1
13,109.328,103.944,5.38402,0.618,69.69697,1.443,2.18,16.115,74.8308,76.1,17.2,18.2,22.3,68.4,45.7,35.5,4,121.925,101.857,20.068,0.877,78.125,2.303,38.199,24.125,68.6357,70.2,16.4,16.4,35.2,77.3,39.0,38.5,0
6,115.14,96.4262,18.7137,0.907,62.5,1.885,69.428,31.853,66.7986,68.3,14.3,20.1,28.8,69.2,40.2,37.5,11,112.288,101.093,11.1954,0.744,78.125,2.209,5.279,18.499,69.2408,70.4,16.3,20.4,30.1,70.4,33.7,39.8,0
11,112.288,101.093,11.1954,0.744,78.125,2.209,5.279,18.499,69.2408,70.4,16.3,20.4,30.1,70.4,33.7,39.8,6,115.14,96.4262,18.7137,0.907,62.5,1.885,69.428,31.853,66.7986,68.3,14.3,20.1,28.8,69.2,40.2,37.5,1
3,114.03,92.0873,21.9424,0.922,72.72727,1.786,36.705,31.897,66.5709,67.6,18.1,22.0,33.3,71.6,34.1,36.6,14,104.983,99.4206,5.56289,0.659,80.0,1.934,16.014,9.583,71.1416,72.1,20.8,26.1,32.7,71.4,32.4,37.4,0
14,104.983,99.4206,5.56289,0.659,80.0,1.934,16.014,9.583,71.1416,72.1,20.8,26.1,32.7,71.4,32.4,37.4,3,114.03,92.0873,21.9424,0.922,72.72727,1.786,36.705,31.897,66.5709,67.6,18.1,22.0,33.3,71.6,34.1,36.6,1
7,117.32,101.685,15.635,0.855,67.64706,2.109,39.343,30.695,69.6899,71.1,15.3,19.4,29.4,68.4,32.1,40.0,10,115.758,97.8916,17.8667,0.898,60.60606,1.614,52.743,35.194,67.8456,69.4,15.7,19.8,27.3,75.3,37.2,35.6,1
10,115.758,97.8916,17.8667,0.898,60.60606,1.614,52.743,35.194,67.8456,69.4,15.7,19.8,27.3,75.3,37.2,35.6,7,117.32,101.685,15.635,0.855,67.64706,2.109,39.343,30.695,69.6899,71.1,15.3,19.4,29.4,68.4,32.1,40.0,0
2,123.248,96.5818,26.6663,0.957,82.35294,2.106,59.458,30.493,67.2291,68.9,15.6,17.7,27.7,71.8,40.2,42.0,15,104.984,103.669,1.3154,0.467,62.06897,1.488,0.2,12.991,69.5384,70.8,20.6,18.4,26.5,71.1,28.4,34.3,0
15,104.984,103.669,1.3154,0.467,62.06897,1.488,0.2,12.991,69.5384,70.8,20.6,18.4,26.5,71.1,28.4,34.3,2,123.248,96.5818,26.6663,0.957,82.35294,2.106,59.458,30.493,67.2291,68.9,15.6,17.7,27.7,71.8,40.2,42.0,1
1,120.933,97.6938,23.2388,0.941,79.41176,1.783,80.44,34.024,68.4279,69.8,16.6,18.5,29.1,68.3,41.6,40.3,16,103.553,99.8577,3.69539,0.653,74.19355,1.833,14.406,10.435,68.8538,70.1,16.6,17.1,24.2,77.3,41.7,34.7,0
16,103.553,99.8577,3.69539,0.653,74.19355,1.833,14.406,10.435,68.8538,70.1,16.6,17.1,24.2,77.3,41.7,34.7,1,120.933,97.6938,23.2388,0.941,79.41176,1.783,80.44,34.024,68.4279,69.8,16.6,18.5,29.1,68.3,41.6,40.3,1
8,116.335,98.9994,17.3352,0.887,65.625,2.043,61.137,32.678,69.3438,70.7,17.9,17.9,34.2,71.5,32.8,36.4,9,116.426,101.294,15.1323,0.812,65.625,1.734,43.838,28.427,71.3548,72.8,16.9,20.7,33.6,68.1,34.0,37.2,0
9,116.426,101.294,15.1323,0.812,65.625,1.734,43.838,28.427,71.3548,72.8,16.9,20.7,33.6,68.1,34.0,37.2,8,116.335,98.9994,17.3352,0.887,65.625,2.043,61.137,32.678,69.3438,70.7,17.9,17.9,34.2,71.5,32.8,36.4,1
5,113.774,93.5052,20.2693,0.882,71.875,2.022,54.866,31.364,65.6205,67.0,17.9,17.7,27.4,73.3,40.6,36.6,12,108.457,94.9001,13.5573,0.811,83.33333,2.012,16.867,14.546,68.2276,69.3,17.4,19.3,34.2,77.2,36.4,34.0,0
12,108.457,94.9001,13.5573,0.811,83.33333,2.012,16.867,14.546,68.2276,69.3,17.4,19.3,34.2,77.2,36.4,34.0,5,113.774,93.5052,20.2693,0.882,71.875,2.022,54.866,31.364,65.6205,67.0,17.9,17.7,27.4,73.3,40.6,36.6,1
4,118.196,97.5614,20.6348,0.895,78.125,1.241,58.941,25.991,72.2946,73.7,16.7,20.8,33.0,71.7,43.1,36.6,13,109.887,105.153,4.73418,0.543,77.41935,2.061,4.156,10.655,64.6463,65.8,14.7,17.8,25.6,72.0,37.1,36.4,0
13,109.887,105.153,4.73418,0.543,77.41935,2.061,4.156,10.655,64.6463,65.8,14.7,17.8,25.6,72.0,37.1,36.4,4,118.196,97.5614,20.6348,0.895,78.125,1.241,58.941,25.991,72.2946,73.7,16.7,20.8,33.0,71.7,43.1,36.6,1
6,120.625,101.705,18.9201,0.882,65.625,2.036,29.047,31.458,68.7039,70.1,17.7,17.6,34.5,74.1,35.2,40.0,11,107.705,94.1122,13.5929,0.823,60.60606,0.961,81.271,29.15,63.3993,64.5,19.1,19.6,35.1,70.7,33.5,32.1,1
11,107.705,94.1122,13.5929,0.823,60.60606,0.961,81.271,29.15,63.3993,64.5,19.1,19.6,35.1,70.7,33.5,32.1,6,120.625,101.705,18.9201,0.882,65.625,2.036,29.047,31.458,68.7039,70.1,17.7,17.6,34.5,74.1,35.2,40.0,0
3,119.983,93.6364,26.3461,0.942,87.87879,1.323,84.499,27.212,67.1449,68.2,19.2,14.5,36.1,73.2,35.8,41.3,14,109.182,102.368,6.8137,0.652,73.52941,1.977,0.2,12.477,71.4452,72.9,17.1,17.1,27.2,72.6,39.3,34.3,0
14,109.182,102.368,6.8137,0.652,73.52941,1.977,0.2,12.477,71.4452,72.9,17.1,17.1,27.2,72.6,39.3,34.3,3,119.983,93.6364,26.3461,0.942,87.87879,1.323,84.499,27.212,67.1449,68.2,19.2,14.5,36.1,73.2,35.8,41.3,1
7,111.71,97.328,14.3818,0.822,78.125,2.171,56.579,19.269,68.6547,69.9,15.5,22.9,31.0,72.5,31.9,35.0,10,115.128,100.709,14.419,0.855,58.06452,1.253,70.869,35.193,75.8225,77.0,17.3,17.1,27.9,70.0,40.9,36.3,0
10,115.128,100.709,14.419,0.855,58.06452,1.253,70.869,35.193,75.8225,77.0,17.3,17.1,27.9,70.0,40.9,36.3,7,111.71,97.328,14.3818,0.822,78.125,2.171,56.579,19.269,68.6547,69.9,15.5,22.9,31.0,72.5,31.9,35.0,1
2,122.602,93.467,29.1348,0.958,78.78788,0.688,92.943,31.36,70.0021,71.4,17.7,16.9,39.1,70.8,35.5,37.8,15,110.261,107.388,2.87263,0.54,60.60606,2.223,0.2,11.688,70.6965,71.6,16.0,18.8,24.4,69.5,40.8,38.8,0
15,110.261,107.388,2.87263,0.54,60.60606,2.223,0.2,11.688,70.6965,71.6,16.0,18.8,24.4,69.5,40.8,38.8,2,122.602,93.467,29.1348,0.958,78.78788,0.688,92.943,31.36,70.0021,71.4,17.7,16.9,39.1,70.8,35.5,37.8,1
16,103.389,105.297,-1.9086,0.418,67.74194,1.951,10.296,11.536,68.1857,69.3,16.9,20.7,26.4,71.0,44.1,38.2,9,112.178,97.4236,14.7543,0.862,66.66667,1.344,47.73,31.68,65.5437,66.5,17.2,21.4,26.1,67.8,36.8,34.4,1
9,112.178,97.4236,14.7543,0.862,66.66667,1.344,47.73,31.68,65.5437,66.5,17.2,21.4,26.1,67.8,36.8,34.4,16,103.389,105.297,-1.9086,0.418,67.74194,1.951,10.296,11.536,68.1857,69.3,16.9,20.7,26.4,71.0,44.1,38.2,0
5,116.426,96.019,20.4069,0.893,70.58824,0.189,95.962,31.972,68.5818,70.0,18.6,17.1,35.6,68.7,26.2,36.1,13,114.284,103.791,10.4931,0.763,75.75758,1.751,10.891,14.057,72.8022,74.0,16.6,18.2,32.0,71.4,40.0,37.2,0
13,114.284,103.791,10.4931,0.763,75.75758,1.751,10.891,14.057,72.8022,74.0,16.6,18.2,32.0,71.4,40.0,37.2,5,116.426,96.019,20.4069,0.893,70.58824,0.189,95.962,31.972,68.5818,70.0,18.6,17.1,35.6,68.7,26.2,36.1,1
11,111.331,96.1911,15.1402,0.797,84.375,1.803,16.801,14.914,65.3221,66.5,18.8,20.0,22.1,74.1,35.7,40.0,3,114.839,92.6901,22.1486,0.921,75.75758,1.393,47.881,32.934,66.1739,67.3,18.0,20.6,33.6,68.5,35.6,38.4,0
3,114.839,92.6901,22.1486,0.921,75.75758,1.393,47.881,32.934,66.1739,67.3,18.0,20.6,33.6,68.5,35.6,38.4,11,111.331,96.1911,15.1402,0.797,84.375,1.803,16.801,14.914,65.3221,66.5,18.8,20.0,22.1,74.1,35.7,40.0,1
7,119.901,101.72,18.1814,0.85,79.41176,2.161,57.081,19.663,69.4886,70.9,13.9,18.2,27.4,70.9,40.4,39.8,2,113.155,86.158,26.9966,0.947,88.23529,1.731,63.963,21.576,64.6798,66.5,17.3,22.3,38.1,71.3,35.2,35.7,0
2,113.155,86.158,26.9966,0.947,88.23529,1.731,63.963,21.576,64.6798,66.5,17.3,22.3,38.1,71.3,35.2,35.7,7,119.901,101.72,18.1814,0.85,79.41176,2.161,57.081,19.663,69.4886,70.9,13.9,18.2,27.4,70.9,40.4,39.8,1
1,120.74,99.0492,21.6909,0.927,84.84848,1.844,76.28,31.853,70.4307,71.6,17.0,15.7,30.0,77.1,36.0,36.9,9,115.822,99.9984,15.8239,0.851,64.51613,1.607,59.86,29.762,71.6051,73.0,17.6,19.1,33.2,69.9,36.9,35.1,1
9,115.822,99.9984,15.8239,0.851,64.51613,1.607,59.86,29.762,71.6051,73.0,17.6,19.1,33.2,69.9,36.9,35.1,1,120.74,99.0492,21.6909,0.927,84.84848,1.844,76.28,31.853,70.4307,71.6,17.0,15.7,30.0,77.1,36.0,36.9,0
5,116.15,95.0408,21.1094,0.923,75.0,1.815,59.776,29.904,66.3996,67.8,17.3,18.0,30.3,75.1,33.2,35.3,4,119.824,95.0891,24.7352,0.924,88.23529,1.51,73.63,19.117,68.9851,70.3,16.0,17.4,33.0,77.3,39.6,37.4,1
4,119.824,95.0891,24.7352,0.924,88.23529,1.51,73.63,19.117,68.9851,70.3,16.0,17.4,33.0,77.3,39.6,37.4,5,116.15,95.0408,21.1094,0.923,75.0,1.815,59.776,29.904,66.3996,67.8,17.3,18.0,30.3,75.1,33.2,35.3,0
6,115.787,95.2473,20.5396,0.895,78.78788,2.125,24.411,20.996,68.2176,69.4,17.8,19.4,34.7,74.2,37.7,38.7,3,115.9,92.7095,23.1909,0.919,79.41176,1.626,56.368,32.027,64.3592,65.7,13.9,19.4,26.0,75.6,43.1,36.4,1
3,115.9,92.7095,23.1909,0.919,79.41176,1.626,56.368,32.027,64.3592,65.7,13.9,19.4,26.0,75.6,43.1,36.4,6,115.787,95.2473,20.5396,0.895,78.78788,2.125,24.411,20.996,68.2176,69.4,17.8,19.4,34.7,74.2,37.7,38.7,0
7,111.204,94.2949,16.9086,0.869,62.5,1.551,82.201,33.417,69.0256,70.0,19.2,15.9,34.3,71.7,33.2,32.7,2,121.959,96.9241,25.0348,0.93,71.42857,1.844,77.447,39.014,70.9501,72.5,16.8,16.2,38.4,74.0,34.9,36.4,0
2,121.959,96.9241,25.0348,0.93,71.42857,1.844,77.447,39.014,70.9501,72.5,16.8,16.2,38.4,74.0,34.9,36.4,7,111.204,94.2949,16.9086,0.869,62.5,1.551,82.201,33.417,69.0256,70.0,19.2,15.9,34.3,71.7,33.2,32.7,1
1,127.384,95.9749,31.4091,0.966,88.23529,1.313,80.592,32.489,68.277,69.5,14.6,18.5,28.8,73.3,46.6,39.8,9,108.459,94.6334,13.8252,0.801,55.88235,0.744,73.914,30.311,68.7962,70.0,20.1,18.7,29.1,69.4,35.6,32.5,0
9,108.459,94.6334,13.8252,0.801,55.88235,0.744,73.914,30.311,68.7962,70.0,20.1,18.7,29.1,69.4,35.6,32.5,1,127.384,95.9749,31.4091,0.966,88.23529,1.313,80.592,32.489,68.277,69.5,14.6,18.5,28.8,73.3,46.6,39.8,1
5,119.151,97.3766,21.7748,0.929,70.58824,1.669,38.54,33.146,69.0413,71.2,16.5,23.3,36.6,70.0,38.9,35.3,13,109.328,103.944,5.38402,0.618,69.69697,1.443,2.18,16.115,74.8308,76.1,17.2,18.2,22.3,68.4,45.7,35.5,0
13,109.328,103.944,5.38402,0.618,69.69697,1.443,2.18,16.115,74.8308,76.1,17.2,18.2,22.3,68.4,45.7,35.5,5,119.151,97.3766,21.7748,0.929,70.58824,1.669,38.54,33.146,69.0413,71.2,16.5,23.3,36.6,70.0,38.9,35.3,1
6,115.14,96.4262,18.7137,0.907,62.5,1.885,69.428,31.853,66.7986,68.3,14.3,20.1,28.8,69.2,40.2,37.5,3,114.03,92.0873,21.9424,0.922,72.72727,1.786,36.705,31.897,66.5709,67.6,18.1,22.0,33.3,71.6,34.1,36.6,1
3,114.03,92.0873,21.9424,0.922,72.72727,1.786,36.705,31.897,66.5709,67.6,18.1,22.0,33.3,71.6,34.1,36.6,6,115.14,96.4262,18.7137,0.907,62.5,1.885,69.428,31.853,66.7986,68.3,14.3,20.1,28.8,69.2,40.2,37.5,0
10,115.758,97.8916,17.8667,0.898,60.60606,1.614,52.743,35.194,67.8456,69.4,15.7,19.8,27.3,75.3,37.2,35.6,2,123.248,96.5818,26.6663,0.957,82.35294,2.106,59.458,30.493,67.2291,68.9,15.6,17.7,27.7,71.8,40.2,42.0,1
2,123.248,96.5818,26.6663,0.957,82.35294,2.106,59.458,30.493,67.2291,68.9,15.6,17.7,27.7,71.8,40.2,42.0,10,115.758,97.8916,17.8667,0.898,60.60606,1.614,52.743,35.194,67.8456,69.4,15.7,19.8,27.3,75.3,37.2,35.6,0
1,120.933,97.6938,23.2388,0.941,79.41176,1.783,80.44,34.024,68.4279,69.8,16.6,18.5,29.1,68.3,41.6,40.3,8,116.335,98.9994,17.3352,0.887,65.625,2.043,61.137,32.678,69.3438,70.7,17.9,17.9,34.2,71.5,32.8,36.4,0
8,116.335,98.9994,17.3352,0.887,65.625,2.043,61.137,32.678,69.3438,70.7,17.9,17.9,34.2,71.5,32.8,36.4,1,120.933,97.6938,23.2388,0.941,79.41176,1.783,80.44,34.024,68.4279,69.8,16.6,18.5,29.1,68.3,41.6,40.3,1
5,113.774,93.5052,20.2693,0.882,71.875,2.022,54.866,31.364,65.6205,67.0,17.9,17.7,27.4,73.3,40.6,36.6,4,118.196,97.5614,20.6348,0.895,78.125,1.241,58.941,25.991,72.2946,73.7,16.7,20.8,33.0,71.7,43.1,36.6,0
4,118.196,97.5614,20.6348,0.895,78.125,1.241,58.941,25.991,72.2946,73.7,16.7,20.8,33.0,71.7,43.1,36.6,5,113.774,93.5052,20.2693,0.882,71.875,2.022,54.866,31.364,65.6205,67.0,17.9,17.7,27.4,73.3,40.6,36.6,1
11,107.705,94.1122,13.5929,0.823,60.60606,0.961,81.271,29.15,63.3993,64.5,19.1,19.6,35.1,70.7,33.5,32.1,3,119.983,93.6364,26.3461,0.942,87.87879,1.323,84.499,27.212,67.1449,68.2,19.2,14.5,36.1,73.2,35.8,41.3,0
3,119.983,93.6364,26.3461,0.942,87.87879,1.323,84.499,27.212,67.1449,68.2,19.2,14.5,36.1,73.2,35.8,41.3,11,107.705,94.1122,13.5929,0.823,60.60606,0.961,81.271,29.15,63.3993,64.5,19.1,19.6,35.1,70.7,33.5,32.1,1
7,111.71,97.328,14.3818,0.822,78.125,2.171,56.579,19.269,68.6547,69.9,15.5,22.9,31.0,72.5,31.9,35.0,2,122.602,93.467,29.1348,0.958,78.78788,0.688,92.943,31.36,70.0021,71.4,17.7,16.9,39.1,70.8,35.5,37.8,1
2,122.602,93.467,29.1348,0.958,78.78788,0.688,92.943,31.36,70.0021,71.4,17.7,16.9,39.1,70.8,35.5,37.8,7,111.71,97.328,14.3818,0.822,78.125,2.171,56.579,19.269,68.6547,69.9,15.5,22.9,31.0,72.5,31.9,35.0,0
9,112.178,97.4236,14.7543,0.862,66.66667,1.344,47.73,31.68,65.5437,66.5,17.2,21.4,26.1,67.8,36.8,34.4,5,116.426,96.019,20.4069,0.893,70.58824,0.189,95.962,31.972,68.5818,70.0,18.6,17.1,35.6,68.7,26.2,36.1,0
5,116.426,96.019,20.4069,0.893,70.58824,0.189,95.962,31.972,68.5818,70.0,18.6,17.1,35.6,68.7,26.2,36.1,9,112.178,97.4236,14.7543,0.862,66.66667,1.344,47.73,31.68,65.5437,66.5,17.2,21.4,26.1,67.8,36.8,34.4,1
11,111.331,96.1911,15.1402,0.797,84.375,1.803,16.801,14.914,65.3221,66.5,18.8,20.0,22.1,74.1,35.7,40.0,7,119.901,101.72,18.1814,0.85,79.41176,2.161,57.081,19.663,69.4886,70.9,13.9,18.2,27.4,70.9,40.4,39.8,0
7,119.901,101.72,18.1814,0.85,79.41176,2.161,57.081,19.663,69.4886,70.9,13.9,18.2,27.4,70.9,40.4,39.8,11,111.331,96.1911,15.1402,0.797,84.375,1.803,16.801,14.914,65.3221,66.5,18.8,20.0,22.1,74.1,35.7,40.0,1
9,115.822,99.9984,15.8239,0.851,64.51613,1.607,59.86,29.762,71.6051,73.0,17.6,19.1,33.2,69.9,36.9,35.1,4,119.824,95.0891,24.7352,0.924,88.23529,1.51,73.63,19.117,68.9851,70.3,16.0,17.4,33.0,77.3,39.6,37.4,0
4,119.824,95.0891,24.7352,0.924,88.23529,1.51,73.63,19.117,68.9851,70.3,16.0,17.4,33.0,77.3,39.6,37.4,9,115.822,99.9984,15.8239,0.851,64.51613,1.607,59.86,29.762,71.6051,73.0,17.6,19.1,33.2,69.9,36.9,35.1,1
3,115.9,92.7095,23.1909,0.919,79.41176,1.626,56.368,32.027,64.3592,65.7,13.9,19.4,26.0,75.6,43.1,36.4,7,111.204,94.2949,16.9086,0.869,62.5,1.551,82.201,33.417,69.0256,70.0,19.2,15.9,34.3,71.7,33.2,32.7,0
7,111.204,94.2949,16.9086,0.869,62.5,1.551,82.201,33.417,69.0256,70.0,19.2,15.9,34.3,71.7,33.2,32.7,3,115.9,92.7095,23.1909,0.919,79.41176,1.626,56.368,32.027,64.3592,65.7,13.9,19.4,26.0,75.6,43.1,36.4,1
1,127.384,95.9749,31.4091,0.966,88.23529,1.313,80.592,32.489,68.277,69.5,14.6,18.5,28.8,73.3,46.6,39.8,5,119.151,97.3766,21.7748,0.929,70.58824,1.669,38.54,33.146,69.0413,71.2,16.5,23.3,36.6,70.0,38.9,35.3,0
5,119.151,97.3766,21.7748,0.929,70.58824,1.669,38.54,33.146,69.0413,71.2,16.5,23.3,36.6,70.0,38.9,35.3,1,127.384,95.9749,31.4091,0.966,88.23529,1.313,80.592,32.489,68.277,69.5,14.6,18.5,28.8,73.3,46.6,39.8,1
3,114.03,92.0873,21.9424,0.922,72.72727,1.786,36.705,31.897,66.5709,67.6,18.1,22.0,33.3,71.6,34.1,36.6,2,123.248,96.5818,26.6663,0.957,82.35294,2.106,59.458,30.493,67.2291,68.9,15.6,17.7,27.7,71.8,40.2,42.0,0
2,123.248,96.5818,26.6663,0.957,82.35294,2.106,59.458,30.493,67.2291,68.9,15.6,17.7,27.7,71.8,40.2,42.0,3,114.03,92.0873,21.9424,0.922,72.72727,1.786,36.705,31.897,66.5709,67.6,18.1,22.0,33.3,71.6,34.1,36.6,1
1,120.933,97.6938,23.2388,0.941,79.41176,1.783,80.44,34.024,68.4279,69.8,16.6,18.5,29.1,68.3,41.6,40.3,5,113.774,93.5052,20.2693,0.882,71.875,2.022,54.866,31.364,65.6205,67.0,17.9,17.7,27.4,73.3,40.6,36.6,0
5,113.774,93.5052,20.2693,0.882,71.875,2.022,54.866,31.364,65.6205,67.0,17.9,17.7,27.4,73.3,40.6,36.6,1,120.933,97.6938,23.2388,0.941,79.41176,1.783,80.44,34.024,68.4279,69.8,16.6,18.5,29.1,68.3,41.6,40.3,1
11,107.705,94.1122,13.5929,0.823,60.60606,0.961,81.271,29.15,63.3993,64.5,19.1,19.6,35.1,70.7,33.5,32.1,2,122.602,93.467,29.1348,0.958,78.78788,0.688,92.943,31.36,70.0021,71.4,17.7,16.9,39.1,70.8,35.5,37.8,1
2,122.602,93.467,29.1348,0.958,78.78788,0.688,92.943,31.36,70.0021,71.4,17.7,16.9,39.1,70.8,35.5,37.8,11,107.705,94.1122,13.5929,0.823,60.60606,0.961,81.271,29.15,63.3993,64.5,19.1,19.6,35.1,70.7,33.5,32.1,0
9,112.178,97.4236,14.7543,0.862,66.66667,1.344,47.73,31.68,65.5437,66.5,17.2,21.4,26.1,67.8,36.8,34.4,11,111.331,96.1911,15.1402,0.797,84.375,1.803,16.801,14.914,65.3221,66.5,18.8,20.0,22.1,74.1,35.7,40.0,1
11,111.331,96.1911,15.1402,0.797,84.375,1.803,16.801,14.914,65.3221,66.5,18.8,20.0,22.1,74.1,35.7,40.0,9,112.178,97.4236,14.7543,0.862,66.66667,1.344,47.73,31.68,65.5437,66.5,17.2,21.4,26.1,67.8,36.8,34.4,0
9,115.822,99.9984,15.8239,0.851,64.51613,1.607,59.86,29.762,71.6051,73.0,17.6,19.1,33.2,69.9,36.9,35.1,3,115.9,92.7095,23.1909,0.919,79.41176,1.626,56.368,32.027,64.3592,65.7,13.9,19.4,26.0,75.6,43.1,36.4,1
3,115.9,92.7095,23.1909,0.919,79.41176,1.626,56.368,32.027,64.3592,65.7,13.9,19.4,26.0,75.6,43.1,36.4,9,115.822,99.9984,15.8239,0.851,64.51613,1.607,59.86,29.762,71.6051,73.0,17.6,19.1,33.2,69.9,36.9,35.1,0
1,127.384,95.9749,31.4091,0.966,88.23529,1.313,80.592,32.489,68.277,69.5,14.6,18.5,28.8,73.3,46.6,39.8,3,114.03,92.0873,21.9424,0.922,72.72727,1.786,36.705,31.897,66.5709,67.6,18.1,22.0,33.3,71.6,34.1,36.6,0
3,114.03,92.0873,21.9424,0.922,72.72727,1.786,36.705,31.897,66.5709,67.6,18.1,22.0,33.3,71.6,34.1,36.6,1,127.384,95.9749,31.4091,0.966,88.23529,1.313,80.592,32.489,68.277,69.5,14.6,18.5,28.8,73.3,46.6,39.8,1
1,120.933,97.6938,23.2388,0.941,79.41176,1.783,80.44,34.024,68.4279,69.8,16.6,18.5,29.1,68.3,41.6,40.3,2,122.602,93.467,29.1348,0.958,78.78788,0.688,92.943,31.36,70.0021,71.4,17.7,16.9,39.1,70.8,35.5,37.8,0
2,122.602,93.467,29.1348,0.958,78.78788,0.688,92.943,31.36,70.0021,71.4,17.7,16.9,39.1,70.8,35.5,37.8,1,120.933,97.6938,23.2388,0.941,79.41176,1.783,80.44,34.024,68.4279,69.8,16.6,18.5,29.1,68.3,41.6,40.3,1
11,111.331,96.1911,15.1402,0.797,84.375,1.803,16.801,14.914,65.3221,66.5,18.8,20.0,22.1,74.1,35.7,40.0,3,115.9,92.7095,23.1909,0.919,79.41176,1.626,56.368,32.027,64.3592,65.7,13.9,19.4,26.0,75.6,43.1,36.4,1
3,115.9,92.7095,23.1909,0.919,79.41176,1.626,56.368,32.027,64.3592,65.7,13.9,19.4,26.0,75.6,43.1,36.4,11,111.331,96.1911,15.1402,0.797,84.375,1.803,16.801,14.914,65.3221,66.5,18.8,20.0,22.1,74.1,35.7,40.0,0
1,127.384,95.9749,31.4091,0.966,88.23529,1.313,80.592,32.489,68.277,69.5,14.6,18.5,28.8,73.3,46.6,39.8,1,120.933,97.6938,23.2388,0.941,79.41176,1.783,80.44,34.024,68.4279,69.8,16.6,18.5,29.1,68.3,41.6,40.3,0
1,120.933,97.6938,23.2388,0.941,79.41176,1.783,80.44,34.024,68.4279,69.8,16.6,18.5,29.1,68.3,41.6,40.3,1,127.384,95.9749,31.4091,0.966,88.23529,1.313,80.592,32.489,68.277,69.5,14.6,18.5,28.8,73.3,46.6,39.8,1
3,115.9,92.7095,23.1909,0.919,79.41176,1.626,56.368,32.027,64.3592,65.7,13.9,19.4,26.0,75.6,43.1,36.4,1,127.384,95.9749,31.4091,0.966,88.23529,1.313,80.592,32.489,68.277,69.5,14.6,18.5,28.8,73.3,46.6,39.8,1
1,127.384,95.9749,31.4091,0.966,88.23529,1.313,80.592,32.489,68.277,69.5,14.6,18.5,28.8,73.3,46.6,39.8,3,115.9,92.7095,23.1909,0.919,79.41176,1.626,56.368,32.027,64.3592,65.7,13.9,19.4,26.0,75.6,43.1,36.4,0
1,122.753,91.9756,30.7772,0.962,91.17647,1.845,75.837,30.578,63.9872,65.8,17.1,20.2,29.6,72.4,44.1,37.0,16,98.9775,103.211,-4.23312,0.403,55.88235,1.461,4.25,15.979,66.8082,68.4,19.2,21.7,23.0,65.5,36.8,35.7,0
16,98.9775,103.211,-4.23312,0.403,55.88235,1.461,4.25,15.979,66.8082,68.4,19.2,21.7,23.0,65.5,36.8,35.7,1,122.753,91.9756,30.7772,0.962,91.17647,1.845,75.837,30.578,63.9872,65.8,17.1,20.2,29.6,72.4,44.1,37.0,1
8,113.589,91.2963,22.2926,0.923,73.52941,2.056,56.744,31.468,63.2884,64.5,16.8,19.9,35.5,74.6,36.7,35.5,9,117.358,102.419,14.9395,0.83,68.75,1.923,67.076,32.173,68.2782,70.1,17.2,16.6,23.4,70.1,39.9,40.3,0
9,117.358,102.419,14.9395,0.83,68.75,1.923,67.076,32.173,68.2782,70.1,17.2,16.6,23.4,70.1,39.9,40.3,8,113.589,91.2963,22.2926,0.923,73.52941,2.056,56.744,31.468,63.2884,64.5,16.8,19.9,35.5,74.6,36.7,35.5,1
5,113.686,87.0194,26.6671,0.959,68.75,1.562,71.089,35.989,58.8864,60.3,15.6,21.0,28.7,75.8,33.2,39.3,12,117.706,105.319,12.3867,0.786,84.375,2.068,5.2,13.569,70.0795,71.4,13.9,20.3,32.5,71.2,41.8,36.0,0
12,117.706,105.319,12.3867,0.786,84.375,2.068,5.2,13.569,70.0795,71.4,13.9,20.3,32.5,71.2,41.8,36.0,5,113.686,87.0194,26.6671,0.959,68.75,1.562,71.089,35.989,58.8864,60.3,15.6,21.0,28.7,75.8,33.2,39.3,1
4,115.851,89.4618,26.3891,0.952,75.0,1.974,70.37,33.955,68.8208,70.4,16.6,21.1,31.9,70.8,36.2,36.3,13,107.974,96.4902,11.4836,0.758,78.125,2.526,10.643,13.051,70.0234,71.6,20.6,22.0,30.0,72.9,35.2,38.2,0
13,107.974,96.4902,11.4836,0.758,78.125,2.526,10.643,13.051,70.0234,71.6,20.6,22.0,30.0,72.9,35.2,38.2,4,115.851,89.4618,26.3891,0.952,75.0,1.974,70.37,33.955,68.8208,70.4,16.6,21.1,31.9,70.8,36.2,36.3,1
6,120.073,94.8141,25.2591,0.939,88.23529,1.875,64.748,22.062,63.5675,65.0,17.0,18.3,37.5,73.7,36.3,40.6,11,112.508,100.168,12.3407,0.78,72.72727,1.068,81.237,23.057,68.8968,70.5,15.7,18.0,30.8,68.8,36.1,36.3,1
11,112.508,100.168,12.3407,0.78,72.72727,1.068,81.237,23.057,68.8968,70.5,15.7,18.0,30.8,68.8,36.1,36.3,6,120.073,94.8141,25.2591,0.939,88.23529,1.875,64.748,22.062,63.5675,65.0,17.0,18.3,37.5,73.7,36.3,40.6,0
3,117.289,92.281,25.0078,0.931,77.41935,1.908,43.215,37.002,63.0844,64.8,20.7,16.9,40.0,70.3,33.9,35.3,14,110.052,102.738,7.31463,0.687,83.33333,1.778,1.948,10.347,67.51,68.9,19.7,19.2,36.0,71.7,39.1,33.4,0
14,110.052,102.738,7.31463,0.687,83.33333,1.778,1.948,10.347,67.51,68.9,19.7,19.2,36.0,71.7,39.1,33.4,3,117.289,92.281,25.0078,0.931,77.41935,1.908,43.215,37.002,63.0844,64.8,20.7,16.9,40.0,70.3,33.9,35.3,1
7,105.546,88.5163,17.0302,0.882,67.74194,1.537,50.958,27.468,68.211,69.6,19.0,24.5,33.8,68.4,33.7,33.4,10,120.943,103.371,17.5711,0.886,61.29032,1.671,76.631,30.575,69.9346,71.5,17.1,18.5,27.3,71.1,41.1,43.0,0
10,120.943,103.371,17.5711,0.886,61.29032,1.671,76.631,30.575,69.9346,71.5,17.1,18.5,27.3,71.1,41.1,43.0,7,105.546,88.5163,17.0302,0.882,67.74194,1.537,50.958,27.468,68.211,69.6,19.0,24.5,33.8,68.4,33.7,33.4,1
2,120.988,95.8991,25.0887,0.943,77.14286,1.414,94.782,37.527,67.9699,69.6,16.2,17.2,31.5,70.6,37.7,37.6,15,109.892,107.217,2.67571,0.548,58.82353,2.045,10.042,11.532,68.0509,69.4,17.6,17.7,30.6,70.4,40.3,35.5,0
15,109.892,107.217,2.67571,0.548,58.82353,2.045,10.042,11.532,68.0509,69.4,17.6,17.7,30.6,70.4,40.3,35.5,2,120.988,95.8991,25.0887,0.943,77.14286,1.414,94.782,37.527,67.9699,69.6,16.2,17.2,31.5,70.6,37.7,37.6,1
1,120.711,87.6571,33.0538,0.972,96.9697,1.78,68.782,19.459,70.022,71.8,15.9,17.7,29.9,74.6,32.6,38.2,16,110.782,112.116,-1.33359,0.42,50.0,1.779,6.456,13.118,67.0521,68.6,18.3,16.3,27.4,71.2,46.0,36.1,0
16,110.782,112.116,-1.33359,0.42,50.0,1.779,6.456,13.118,67.0521,68.6,18.3,16.3,27.4,71.2,46.0,36.1,1,120.711,87.6571,33.0538,0.972,96.9697,1.78,68.782,19.459,70.022,71.8,15.9,17.7,29.9,74.6,32.6,38.2,1
8,111.189,95.6778,15.511,0.863,67.64706,1.685,54.109,28.272,65.1075,66.7,15.9,18.0,30.9,69.3,35.8,34.1,9,112.303,96.065,16.2376,0.876,55.88235,1.834,53.364,33.443,65.5596,67.0,18.3,16.0,25.0,72.9,48.6,37.7,0
9,112.303,96.065,16.2376,0.876,55.88235,1.834,53.364,33.443,65.5596,67.0,18.3,16.0,25.0,72.9,48.6,37.7,8,111.189,95.6778,15.511,0.863,67.64706,1.685,54.109,28.272,65.1075,66.7,15.9,18.0,30.9,69.3,35.8,34.1,1
5,118.891,97.7973,21.0939,0.922,73.52941,2.068,65.922,34.028,67.0898,68.5,13.9,18.8,27.4,69.0,40.8,38.6,12,109.396,96.8962,12.5002,0.785,78.57143,2.006,8.705,13.417,63.1679,64.3,15.2,20.6,24.2,75.3,45.9,38.1,0
12,109.396,96.8962,12.5002,0.785,78.57143,2.006,8.705,13.417,63.1679,64.3,15.2,20.6,24.2,75.3,45.9,38.1,5,118.891,97.7973,21.0939,0.922,73.52941,2.068,65.922,34.028,67.0898,68.5,13.9,18.8,27.4,69.0,40.8,38.6,1
4,116.472,89.6731,26.7991,0.951,76.47059,1.953,43.642,32.564,69.8998,72.5,16.9,28.1,37.7,67.6,33.0,36.1,13,109.074,100.358,8.71601,0.706,76.47059,1.413,0.2,12.194,69.6888,71.4,18.8,19.7,26.8,72.6,38.6,37.7,0
13,109.074,100.358,8.71601,0.706,76.47059,1.413,0.2,12.194,69.6888,71.4,18.8,19.7,26.8,72.6,38.6,37.7,4,116.472,89.6731,26.7991,0.951,76.47059,1.953,43.642,32.564,69.8998,72.5,16.9,28.1,37.7,67.6,33.0,36.1,1
6,113.565,98.7271,14.838,0.847,74.19355,1.171,72.827,27.505,67.0658,68.6,19.1,17.9,30.6,67.7,40.8,36.7,11,114.744,99.4255,15.3189,0.867,61.76471,1.708,61.847,32.401,67.1917,68.7,18.6,17.8,35.2,75.0,36.4,34.0,1
11,114.744,99.4255,15.3189,0.867,61.76471,1.708,61.847,32.401,67.1917,68.7,18.6,17.8,35.2,75.0,36.4,34.0,6,113.565,98.7271,14.838,0.847,74.19355,1.171,72.827,27.505,67.0658,68.6,19.1,17.9,30.6,67.7,40.8,36.7,0
3,116.738,93.9951,22.7426,0.915,75.75758,1.262,70.581,32.378,70.7622,72.6,16.3,19.8,34.0,69.6,31.3,35.6,14,109.563,104.547,5.016,0.622,76.66667,1.801,28.624,12.991,65.2507,66.8,18.1,17.3,34.6,70.4,31.8,34.0,0
14,109.563,104.547,5.016,0.622,76.66667,1.801,28.624,12.991,65.2507,66.8,18.1,17.3,34.6,70.4,31.8,34.0,3,116.738,93.9951,22.7426,0.915,75.75758,1.262,70.581,32.378,70.7622,72.6,16.3,19.8,34.0,69.6,31.3,35.6,1
7,118.894,94.2568,24.6377,0.932,87.5,1.957,24.566,18.282,59.2901,60.8,17.3,15.4,33.4,78.6,41.6,39.9,10,110.018,95.716,14.3025,0.797,76.47059,2.26,42.055,18.914,68.1834,69.8,17.9,21.0,31.4,72.5,29.7,33.4,0
10,110.018,95.716,14.3025,0.797,76.47059,2.26,42.055,18.914,68.1834,69.8,17.9,21.0,31.4,72.5,29.7,33.4,7,118.894,94.2568,24.6377,0.932,87.5,1.957,24.566,18.282,59.2901,60.8,17.3,15.4,33.4,78.6,41.6,39.9,1
2,117.585,94.8418,22.7427,0.918,88.23529,1.133,71.921,25.711,65.6678,67.0,17.0,17.7,33.3,73.8,30.8,39.8,15,102.854,103.166,-0.31127,0.486,67.85714,1.823,0.2,8.396,71.25,72.4,18.7,20.0,26.2,72.1,30.1,38.4,0
15,102.854,103.166,-0.31127,0.486,67.85714,1.823,0.2,8.396,71.25,72.4,18.7,20.0,26.2,72.1,30.1,38.4,2,117.585,94.8418,22.7427,0.918,88.23529,1.133,71.921,25.711,65.6678,67.0,17.0,17.7,33.3,73.8,30.8,39.8,1
1,120.833,94.8585,25.975,0.943,87.5,1.763,75.629,35.994,70.2533,71.6,18.1,18.6,34.3,69.6,35.5,40.5,16,97.8508,102.603,-4.75235,0.411,62.5,2.206,5.789,9.044,68.4821,70.2,20.2,20.0,29.6,71.7,31.4,35.1,0
16,97.8508,102.603,-4.75235,0.411,62.5,2.206,5.789,9.044,68.4821,70.2,20.2,20.0,29.6,71.7,31.4,35.1,1,120.833,94.8585,25.975,0.943,87.5,1.763,75.629,35.994,70.2533,71.6,18.1,18.6,34.3,69.6,35.5,40.5,1
8,110.386,93.4254,16.9602,0.89,65.625,1.45,74.813,33.96,62.9821,64.7,19.6,18.3,33.7,72.1,32.7,35.9,9,110.569,95.5936,14.9753,0.846,57.57576,1.115,70.413,33.378,66.7308,68.2,20.7,16.1,29.3,72.7,37.9,37.6,1
9,110.569,95.5936,14.9753,0.846,57.57576,1.115,70.413,33.378,66.7308,68.2,20.7,16.1,29.3,72.7,37.9,37.6,8,110.386,93.4254,16.9602,0.89,65.625,1.45,74.813,33.96,62.9821,64.7,19.6,18.3,33.7,72.1,32.7,35.9,0
5,119.541,96.4283,23.113,0.919,69.69697,2.508,54.193,39.139,68.1638,69.6,14.1,20.0,26.1,68.0,39.5,40.2,12,114.477,101.135,13.3415,0.791,82.35294,1.63,31.488,15.312,69.6483,71.1,15.7,15.9,30.6,73.8,40.2,38.5,0
12,114.477,101.135,13.3415,0.791,82.35294,1.63,31.488,15.312,69.6483,71.1,15.7,15.9,30.6,73.8,40.2,38.5,5,119.541,96.4283,23.113,0.919,69.69697,2.508,54.193,39.139,68.1638,69.6,14.1,20.0,26.1,68.0,39.5,40.2,1
4,116.912,92.6889,24.2236,0.933,78.125,1.555,67.524,29.59,68.8912,70.5,18.4,17.0,30.9,75.5,38.0,40.6,13,110.832,98.9477,11.8847,0.77,84.84848,1.935,6.681,12.311,64.3336,65.9,17.1,19.7,30.1,73.1,31.5,36.7,0
13,110.832,98.9477,11.8847,0.77,84.84848,1.935,6.681,12.311,64.3336,65.9,17.1,19.7,30.1,73.1,31.5,36.7,4,116.912,92.6889,24.2236,0.933,78.125,1.555,67.524,29.59,68.8912,70.5,18.4,17.0,30.9,75.5,38.0,40.6,1
6,115.639,96.0487,19.5902,0.902,72.72727,1.718,45.608,29.959,70.8829,72.6,17.1,19.6,24.1,70.3,35.9,40.1,11,110.668,95.0527,15.6156,0.848,72.72727,1.795,64.496,20.094,66.1243,67.8,16.6,19.5,33.1,70.7,32.0,34.0,1
11,110.668,95.0527,15.6156,0.848,72.72727,1.795,64.496,20.094,66.1243,67.8,16.6,19.5,33.1,70.7,32.0,34.0,6,115.639,96.0487,19.5902,0.902,72.72727,1.718,45.608,29.959,70.8829,72.6,17.1,19.6,24.1,70.3,35.9,40.1,0
3,117.728,93.9002,23.8276,0.921,84.84848,1.779,56.758,23.71,66.7169,68.5,17.0,20.1,32.0,70.2,39.1,37.9,14,110.197,106.195,4.00176,0.59,64.70588,1.928,19.851,12.569,70.4839,71.8,16.5,18.0,26.9,68.3,40.0,39.7,0
14,110.197,106.195,4.00176,0.59,64.70588,1.928,19.851,12.569,70.4839,71.8,16.5,18.0,26.9,68.3,40.0,39.7,3,117.728,93.9002,23.8276,0.921,84.84848,1.779,56.758,23.71,66.7169,68.5,17.0,20.1,32.0,70.2,39.1,37.9,1
7,121.592,98.9742,22.618,0.924,68.57143,2.007,64.639,31.879,62.8409,64.0,14.6,20.1,25.3,70.6,45.1,38.1,10,124.834,102.73,22.1043,0.918,61.29032,1.534,54.425,38.667,70.289,73.0,18.3,20.8,38.0,67.8,36.1,40.3,0
10,124.834,102.73,22.1043,0.918,61.29032,1.534,54.425,38.667,70.289,73.0,18.3,20.8,38.0,67.8,36.1,40.3,7,121.592,98.9742,22.618,0.924,68.57143,2.007,64.639,31.879,62.8409,64.0,14.6,20.1,25.3,70.6,45.1,38.1,1
2,117.179,90.4602,26.7186,0.952,75.0,1.588,71.596,35.79,67.9905,69.7,16.1,19.8,36.3,71.3,32.4,35.9,15,105.363,104.78,0.583245,0.475,56.25,1.785,4.175,12.694,63.5728,65.2,20.7,16.8,31.5,72.0,36.6,36.7,0
15,105.363,104.78,0.583245,0.475,56.25,1.785,4.175,12.694,63.5728,65.2,20.7,16.8,31.5,72.0,36.6,36.7,2,117.179,90.4602,26.7186,0.952,75.0,1.588,71.596,35.79,67.9905,69.7,16.1,19.8,36.3,71.3,32.4,35.9,1
1,122.075,94.0654,28.0091,0.953,78.78788,1.917,88.126,35.516,70.6955,72.7,16.4,18.7,42.0,74.9,30.0,36.7,16,103.622,107.286,-3.66476,0.368,67.64706,2.001,5.421,15.142,68.4526,69.9,16.6,19.3,32.3,65.6,34.1,29.7,0
16,103.622,107.286,-3.66476,0.368,67.64706,2.001,5.421,15.142,68.4526,69.9,16.6,19.3,32.3,65.6,34.1,29.7,1,122.075,94.0654,28.0091,0.953,78.78788,1.917,88.126,35.516,70.6955,72.7,16.4,18.7,42.0,74.9,30.0,36.7,1
8,116.639,101.04,15.5987,0.821,73.52941,2.269,36.848,28.939,69.4151,70.9,16.4,18.3,32.4,66.5,29.8,36.4,9,109.8,95.8517,13.9487,0.809,65.625,1.777,55.205,32.687,67.2845,68.8,19.4,17.6,35.3,74.6,30.9,33.7,0
9,109.8,95.8517,13.9487,0.809,65.625,1.777,55.205,32.687,67.2845,68.8,19.4,17.6,35.3,74.6,30.9,33.7,8,116.639,101.04,15.5987,0.821,73.52941,2.269,36.848,28.939,69.4151,70.9,16.4,18.3,32.4,66.5,29.8,36.4,1
5,109.574,92.9833,16.5907,0.87,72.72727,1.272,59.566,28.647,69.3901,70.9,16.2,17.7,30.1,70.0,29.7,34.5,12,111.64,96.9823,14.6582,0.828,87.87879,2.099,17.718,12.053,64.2498,65.7,15.6,20.2,30.2,75.7,30.3,37.0,1
12,111.64,96.9823,14.6582,0.828,87.87879,2.099,17.718,12.053,64.2498,65.7,15.6,20.2,30.2,75.7,30.3,37.0,5,109.574,92.9833,16.5907,0.87,72.72727,1.272,59.566,28.647,69.3901,70.9,16.2,17.7,30.1,70.0,29.7,34.5,0
4,117.971,97.0613,20.9097,0.901,74.19355,2.01,48.146,32.565,65.3305,67.0,15.1,20.1,28.1,72.2,37.5,36.3,13,106.436,101.809,4.62694,0.601,80.0,2.203,5.374,9.847,70.9519,72.3,17.9,18.7,27.0,71.3,43.6,38.0,0
13,106.436,101.809,4.62694,0.601,80.0,2.203,5.374,9.847,70.9519,72.3,17.9,18.7,27.0,71.3,43.6,38.0,4,117.971,97.0613,20.9097,0.901,74.19355,2.01,48.146,32.565,65.3305,67.0,15.1,20.1,28.1,72.2,37.5,36.3,1
6,114.215,91.8982,22.3165,0.926,85.29412,1.72,72.275,23.092,63.7687,65.7,15.2,20.8,35.8,70.4,36.4,34.3,11,112.038,94.4839,17.5538,0.886,60.60606,1.595,45.961,34.368,66.1487,67.3,19.2,22.4,29.5,67.5,36.4,36.1,0
11,112.038,94.4839,17.5538,0.886,60.60606,1.595,45.961,34.368,66.1487,67.3,19.2,22.4,29.5,67.5,36.4,36.1,6,114.215,91.8982,22.3165,0.926,85.29412,1.72,72.275,23.092,63.7687,65.7,15.2,20.8,35.8,70.4,36.4,34.3,1
3,122.757,99.8057,22.9515,0.913,87.87879,1.438,77.967,23.941,73.179,75.4,15.4,16.2,29.4,71.7,37.6,40.5,14,104.421,102.687,1.73415,0.536,61.76471,1.629,14.694,11.162,68.2714,69.7,18.1,19.3,38.1,70.0,35.1,31.4,0
14,104.421,102.687,1.73415,0.536,61.76471,1.629,14.694,11.162,68.2714,69.7,18.1,19.3,38.1,70.0,35.1,31.4,3,122.757,99.8057,22.9515,0.913,87.87879,1.438,77.967,23.941,73.179,75.4,15.4,16.2,29.4,71.7,37.6,40.5,1
7,112.3,96.6262,15.6735,0.826,76.66667,2.164,40.751,19.632,68.5788,69.8,17.1,20.8,25.8,73.0,38.4,38.7,10,119.636,93.2236,26.4121,0.934,87.87879,1.45,40.472,17.09,68.6272,70.5,15.9,19.8,33.9,75.8,36.4,40.7,1
10,119.636,93.2236,26.4121,0.934,87.87879,1.45,40.472,17.09,68.6272,70.5,15.9,19.8,33.9,75.8,36.4,40.7,7,112.3,96.6262,15.6735,0.826,76.66667,2.164,40.751,19.632,68.5788,69.8,17.1,20.8,25.8,73.0,38.4,38.7,0
2,119.139,91.8728,27.2664,0.954,85.29412,0.935,86.539,30.841,72.7658,74.6,16.0,19.4,34.0,72.8,31.6,35.3,15,106.647,105.311,1.33605,0.536,68.75,1.277,10.36,10.902,67.8323,69.3,19.0,17.0,31.3,73.7,42.4,36.1,0
15,106.647,105.311,1.33605,0.536,68.75,1.277,10.36,10.902,67.8323,69.3,19.0,17.0,31.3,73.7,42.4,36.1,2,119.139,91.8728,27.2664,0.954,85.29412,0.935,86.539,30.841,72.7658,74.6,16.0,19.4,34.0,72.8,31.6,35.3,1
1,122.753,91.9756,30.7772,0.962,91.17647,1.845,75.837,30.578,63.9872,65.8,17.1,20.2,29.6,72.4,44.1,37.0,8,113.589,91.2963,22.2926,0.923,73.52941,2.056,56.744,31.468,63.2884,64.5,16.8,19.9,35.5,74.6,36.7,35.5,1
8,113.589,91.2963,22.2926,0.923,73.52941,2.056,56.744,31.468,63.2884,64.5,16.8,19.9,35.5,74.6,36.7,35.5,1,122.753,91.9756,30.7772,0.962,91.17647,1.845,75.837,30.578,63.9872,65.8,17.1,20.2,29.6,72.4,44.1,37.0,0
5,113.686,87.0194,26.6671,0.959,68.75,1.562,71.089,35.989,58.8864,60.3,15.6,21.0,28.7,75.8,33.2,39.3,4,115.851,89.4618,26.3891,0.952,75.0,1.974,70.37,33.955,68.8208,70.4,16.6,21.1,31.9,70.8,36.2,36.3,1
4,115.851,89.4618,26.3891,0.952,75.0,1.974,70.37,33.955,68.8208,70.4,16.6,21.1,31.9,70.8,36.2,36.3,5,113.686,87.0194,26.6671,0.959,68.75,1.562,71.089,35.989,58.8864,60.3,15.6,21.0,28.7,75.8,33.2,39.3,0
11,112.508,100.168,12.3407,0.78,72.72727,1.068,81.237,23.057,68.8968,70.5,15.7,18.0,30.8,68.8,36.1,36.3,3,117.289,92.281,25.0078,0.931,77.41935,1.908,43.215,37.002,63.0844,64.8,20.7,16.9,40.0,70.3,33.9,35.3,1
3,117.289,92.281,25.0078,0.931,77.41935,1.908,43.215,37.002,63.0844,64.8,20.7,16.9,40.0,70.3,33.9,35.3,11,112.508,100.168,12.3407,0.78,72.72727,1.068,81.237,23.057,68.8968,70.5,15.7,18.0,30.8,68.8,36.1,36.3,0
7,105.546,88.5163,17.0302,0.882,67.74194,1.537,50.958,27.468,68.211,69.6,19.0,24.5,33.8,68.4,33.7,33.4,2,120.988,95.8991,25.0887,0.943,77.14286,1.414,94.782,37.527,67.9699,69.6,16.2,17.2,31.5,70.6,37.7,37.6,0
2,120.988,95.8991,25.0887,0.943,77.14286,1.414,94.782,37.527,67.9699,69.6,16.2,17.2,31.5,70.6,37.7,37.6,7,105.546,88.5163,17.0302,0.882,67.74194,1.537,50.958,27.468,68.211,69.6,19.0,24.5,33.8,68.4,33.7,33.4,1
1,120.711,87.6571,33.0538,0.972,96.9697,1.78,68.782,19.459,70.022,71.8,15.9,17.7,29.9,74.6,32.6,38.2,8,111.189,95.6778,15.511,0.863,67.64706,1.685,54.109,28.272,65.1075,66.7,15.9,18.0,30.9,69.3,35.8,34.1,0
8,111.189,95.6778,15.511,0.863,67.64706,1.685,54.109,28.272,65.1075,66.7,15.9,18.0,30.9,69.3,35.8,34.1,1,120.711,87.6571,33.0538,0.972,96.9697,1.78,68.782,19.459,70.022,71.8,15.9,17.7,29.9,74.6,32.6,38.2,1
5,118.891,97.7973,21.0939,0.922,73.52941,2.068,65.922,34.028,67.0898,68.5,13.9,18.8,27.4,69.0,40.8,38.6,4,116.472,89.6731,26.7991,0.951,76.47059,1.953,43.642,32.564,69.8998,72.5,16.9,28.1,37.7,67.6,33.0,36.1,1
4,116.472,89.6731,26.7991,0.951,76.47059,1.953,43.642,32.564,69.8998,72.5,16.9,28.1,37.7,67.6,33.0,36.1,5,118.891,97.7973,21.0939,0.922,73.52941,2.068,65.922,34.028,67.0898,68.5,13.9,18.8,27.4,69.0,40.8,38.6,0
11,114.744,99.4255,15.3189,0.867,61.76471,1.708,61.847,32.401,67.1917,68.7,18.6,17.8,35.2,75.0,36.4,34.0,3,116.738,93.9951,22.7426,0.915,75.75758,1.262,70.581,32.378,70.7622,72.6,16.3,19.8,34.0,69.6,31.3,35.6,0
3,116.738,93.9951,22.7426,0.915,75.75758,1.262,70.581,32.378,70.7622,72.6,16.3,19.8,34.0,69.6,31.3,35.6,11,114.744,99.4255,15.3189,0.867,61.76471,1.708,61.847,32.401,67.1917,68.7,18.6,17.8,35.2,75.0,36.4,34.0,1
7,118.894,94.2568,24.6377,0.932,87.5,1.957,24.566,18.282,59.2901,60.8,17.3,15.4,33.4,78.6,41.6,39.9,2,117.585,94.8418,22.7427,0.918,88.23529,1.133,71.921,25.711,65.6678,67.0,17.0,17.7,33.3,73.8,30.8,39.8,1
2,117.585,94.8418,22.7427,0.918,88.23529,1.133,71.921,25.711,65.6678,67.0,17.0,17.7,33.3,73.8,30.8,39.8,7,118.894,94.2568,24.6377,0.932,87.5,1.957,24.566,18.282,59.2901,60.8,17.3,15.4,33.4,78.6,41.6,39.9,0
1,120.833,94.8585,25.975,0.943,87.5,1.763,75.629,35.994,70.2533,71.6,18.1,18.6,34.3,69.6,35.5,40.5,9,110.569,95.5936,14.9753,0.846,57.57576,1.115,70.413,33.378,66.7308,68.2,20.7,16.1,29.3,72.7,37.9,37.6,0
9,110.569,95.5936,14.9753,0.846,57.57576,1.115,70.413,33.378,66.7308,68.2,20.7,16.1,29.3,72.7,37.9,37.6,1,120.833,94.8585,25.975,0.943,87.5,1.763,75.629,35.994,70.2533,71.6,18.1,18.6,34.3,69.6,35.5,40.5,1
5,119.541,96.4283,23.113,0.919,69.69697,2.508,54.193,39.139,68.1638,69.6,14.1,20.0,26.1,68.0,39.5,40.2,4,116.912,92.6889,24.2236,0.933,78.125,1.555,67.524,29.59,68.8912,70.5,18.4,17.0,30.9,75.5,38.0,40.6,1
4,116.912,92.6889,24.2236,0.933,78.125,1.555,67.524,29.59,68.8912,70.5,18.4,17.0,30.9,75.5,38.0,40.6,5,119.541,96.4283,23.113,0.919,69.69697,2.508,54.193,39.139,68.1638,69.6,14.1,20.0,26.1,68.0,39.5,40.2,0
11,110.668,95.0527,15.6156,0.848,72.72727,1.795,64.496,20.094,66.1243,67.8,16.6,19.5,33.1,70.7,32.0,34.0,3,117.728,93.9002,23.8276,0.921,84.84848,1.779,56.758,23.71,66.7169,68.5,17.0,20.1,32.0,70.2,39.1,37.9,1
3,117.728,93.9002,23.8276,0.921,84.84848,1.779,56.758,23.71,66.7169,68.5,17.0,20.1,32.0,70.2,39.1,37.9,11,110.668,95.0527,15.6156,0.848,72.72727,1.795,64.496,20.094,66.1243,67.8,16.6,19.5,33.1,70.7,32.0,34.0,0
7,121.592,98.9742,22.618,0.924,68.57143,2.007,64.639,31.879,62.8409,64.0,14.6,20.1,25.3,70.6,45.1,38.1,2,117.179,90.4602,26.7186,0.952,75.0,1.588,71.596,35.79,67.9905,69.7,16.1,19.8,36.3,71.3,32.4,35.9,0
2,117.179,90.4602,26.7186,0.952,75.0,1.588,71.596,35.79,67.9905,69.7,16.1,19.8,36.3,71.3,32.4,35.9,7,121.592,98.9742,22.618,0.924,68.57143,2.007,64.639,31.879,62.8409,64.0,14.6,20.1,25.3,70.6,45.1,38.1,1
1,122.075,94.0654,28.0091,0.953,78.78788,1.917,88.126,35.516,70.6955,72.7,16.4,18.7,42.0,74.9,30.0,36.7,8,116.639,101.04,15.5987,0.821,73.52941,2.269,36.848,28.939,69.4151,70.9,16.4,18.3,32.4,66.5,29.8,36.4,0
8,116.639,101.04,15.5987,0.821,73.52941,2.269,36.848,28.939,69.4151,70.9,16.4,18.3,32.4,66.5,29.8,36.4,1,122.075,94.0654,28.0091,0.953,78.78788,1.917,88.126,35.516,70.6955,72.7,16.4,18.7,42.0,74.9,30.0,36.7,1
12,111.64,96.9823,14.6582,0.828,87.87879,2.099,17.718,12.053,64.2498,65.7,15.6,20.2,30.2,75.7,30.3,37.0,4,117.971,97.0613,20.9097,0.901,74.19355,2.01,48.146,32.565,65.3305,67.0,15.1,20.1,28.1,72.2,37.5,36.3,1
4,117.971,97.0613,20.9097,0.901,74.19355,2.01,48.146,32.565,65.3305,67.0,15.1,20.1,28.1,72.2,37.5,36.3,12,111.64,96.9823,14.6582,0.828,87.87879,2.099,17.718,12.053,64.2498,65.7,15.6,20.2,30.2,75.7,30.3,37.0,0
6,114.215,91.8982,22.3165,0.926,85.29412,1.72,72.275,23.092,63.7687,65.7,15.2,20.8,35.8,70.4,36.4,34.3,3,122.757,99.8057,22.9515,0.913,87.87879,1.438,77.967,23.941,73.179,75.4,15.4,16.2,29.4,71.7,37.6,40.5,1
3,122.757,99.8057,22.9515,0.913,87.87879,1.438,77.967,23.941,73.179,75.4,15.4,16.2,29.4,71.7,37.6,40.5,6,114.215,91.8982,22.3165,0.926,85.29412,1.72,72.275,23.092,63.7687,65.7,15.2,20.8,35.8,70.4,36.4,34.3,0
10,119.636,93.2236,26.4121,0.934,87.87879,1.45,40.472,17.09,68.6272,70.5,15.9,19.8,33.9,75.8,36.4,40.7,2,119.139,91.8728,27.2664,0.954,85.29412,0.935,86.539,30.841,72.7658,74.6,16.0,19.4,34.0,72.8,31.6,35.3,1
2,119.139,91.8728,27.2664,0.954,85.29412,0.935,86.539,30.841,72.7658,74.6,16.0,19.4,34.0,72.8,31.6,35.3,10,119.636,93.2236,26.4121,0.934,87.87879,1.45,40.472,17.09,68.6272,70.5,15.9,19.8,33.9,75.8,36.4,40.7,0
8,113.589,91.2963,22.2926,0.923,73.52941,2.056,56.744,31.468,63.2884,64.5,16.8,19.9,35.5,74.6,36.7,35.5,4,115.851,89.4618,26.3891,0.952,75.0,1.974,70.37,33.955,68.8208,70.4,16.6,21.1,31.9,70.8,36.2,36.3,1
4,115.851,89.4618,26.3891,0.952,75.0,1.974,70.37,33.955,68.8208,70.4,16.6,21.1,31.9,70.8,36.2,36.3,8,113.589,91.2963,22.2926,0.923,73.52941,2.056,56.744,31.468,63.2884,64.5,16.8,19.9,35.5,74.6,36.7,35.5,0
3,117.289,92.281,25.0078,0.931,77.41935,1.908,43.215,37.002,63.0844,64.8,20.7,16.9,40.0,70.3,33.9,35.3,7,105.546,88.5163,17.0302,0.882,67.74194,1.537,50.958,27.468,68.211,69.6,19.0,24.5,33.8,68.4,33.7,33.4,1
7,105.546,88.5163,17.0302,0.882,67.74194,1.537,50.958,27.468,68.211,69.6,19.0,24.5,33.8,68.4,33.7,33.4,3,117.289,92.281,25.0078,0.931,77.41935,1.908,43.215,37.002,63.0844,64.8,20.7,16.9,40.0,70.3,33.9,35.3,0
1,120.711,87.6571,33.0538,0.972,96.9697,1.78,68.782,19.459,70.022,71.8,15.9,17.7,29.9,74.6,32.6,38.2,4,116.472,89.6731,26.7991,0.951,76.47059,1.953,43.642,32.564,69.8998,72.5,16.9,28.1,37.7,67.6,33.0,36.1,0
4,116.472,89.6731,26.7991,0.951,76.47059,1.953,43.642,32.564,69.8998,72.5,16.9,28.1,37.7,67.6,33.0,36.1,1,120.711,87.6571,33.0538,0.972,96.9697,1.78,68.782,19.459,70.022,71.8,15.9,17.7,29.9,74.6,32.6,38.2,1
11,114.744,99.4255,15.3189,0.867,61.76471,1.708,61.847,32.401,67.1917,68.7,18.6,17.8,35.2,75.0,36.4,34.0,2,117.585,94.8418,22.7427,0.918,88.23529,1.133,71.921,25.711,65.6678,67.0,17.0,17.7,33.3,73.8,30.8,39.8,0
2,117.585,94.8418,22.7427,0.918,88.23529,1.133,71.921,25.711,65.6678,67.0,17.0,17.7,33.3,73.8,30.8,39.8,11,114.744,99.4255,15.3189,0.867,61.76471,1.708,61.847,32.401,67.1917,68.7,18.6,17.8,35.2,75.0,36.4,34.0,1
1,120.833,94.8585,25.975,0.943,87.5,1.763,75.629,35.994,70.2533,71.6,18.1,18.6,34.3,69.6,35.5,40.5,4,116.912,92.6889,24.2236,0.933,78.125,1.555,67.524,29.59,68.8912,70.5,18.4,17.0,30.9,75.5,38.0,40.6,0
4,116.912,92.6889,24.2236,0.933,78.125,1.555,67.524,29.59,68.8912,70.5,18.4,17.0,30.9,75.5,38.0,40.6,1,120.833,94.8585,25.975,0.943,87.5,1.763,75.629,35.994,70.2533,71.6,18.1,18.6,34.3,69.6,35.5,40.5,1
3,117.728,93.9002,23.8276,0.921,84.84848,1.779,56.758,23.71,66.7169,68.5,17.0,20.1,32.0,70.2,39.1,37.9,7,121.592,98.9742,22.618,0.924,68.57143,2.007,64.639,31.879,62.8409,64.0,14.6,20.1,25.3,70.6,45.1,38.1,0
7,121.592,98.9742,22.618,0.924,68.57143,2.007,64.639,31.879,62.8409,64.0,14.6,20.1,25.3,70.6,45.1,38.1,3,117.728,93.9002,23.8276,0.921,84.84848,1.779,56.758,23.71,66.7169,68.5,17.0,20.1,32.0,70.2,39.1,37.9,1
1,122.075,94.0654,28.0091,0.953,78.78788,1.917,88.126,35.516,70.6955,72.7,16.4,18.7,42.0,74.9,30.0,36.7,4,117.971,97.0613,20.9097,0.901,74.19355,2.01,48.146,32.565,65.3305,67.0,15.1,20.1,28.1,72.2,37.5,36.3,0
4,117.971,97.0613,20.9097,0.901,74.19355,2.01,48.146,32.565,65.3305,67.0,15.1,20.1,28.1,72.2,37.5,36.3,1,122.075,94.0654,28.0091,0.953,78.78788,1.917,88.126,35.516,70.6955,72.7,16.4,18.7,42.0,74.9,30.0,36.7,1
3,122.757,99.8057,22.9515,0.913,87.87879,1.438,77.967,23.941,73.179,75.4,15.4,16.2,29.4,71.7,37.6,40.5,2,119.139,91.8728,27.2664,0.954,85.29412,0.935,86.539,30.841,72.7658,74.6,16.0,19.4,34.0,72.8,31.6,35.3,1
2,119.139,91.8728,27.2664,0.954,85.29412,0.935,86.539,30.841,72.7658,74.6,16.0,19.4,34.0,72.8,31.6,35.3,3,122.757,99.8057,22.9515,0.913,87.87879,1.438,77.967,23.941,73.179,75.4,15.4,16.2,29.4,71.7,37.6,40.5,0
4,115.851,89.4618,26.3891,0.952,75.0,1.974,70.37,33.955,68.8208,70.4,16.6,21.1,31.9,70.8,36.2,36.3,7,105.546,88.5163,17.0302,0.882,67.74194,1.537,50.958,27.468,68.211,69.6,19.0,24.5,33.8,68.4,33.7,33.4,1
7,105.546,88.5163,17.0302,0.882,67.74194,1.537,50.958,27.468,68.211,69.6,19.0,24.5,33.8,68.4,33.7,33.4,4,115.851,89.4618,26.3891,0.952,75.0,1.974,70.37,33.955,68.8208,70.4,16.6,21.1,31.9,70.8,36.2,36.3,0
1,120.711,87.6571,33.0538,0.972,96.9697,1.78,68.782,19.459,70.022,71.8,15.9,17.7,29.9,74.6,32.6,38.2,11,114.744,99.4255,15.3189,0.867,61.76471,1.708,61.847,32.401,67.1917,68.7,18.6,17.8,35.2,75.0,36.4,34.0,0
11,114.744,99.4255,15.3189,0.867,61.76471,1.708,61.847,32.401,67.1917,68.7,18.6,17.8,35.2,75.0,36.4,34.0,1,120.711,87.6571,33.0538,0.972,96.9697,1.78,68.782,19.459,70.022,71.8,15.9,17.7,29.9,74.6,32.6,38.2,1
1,120.833,94.8585,25.975,0.943,87.5,1.763,75.629,35.994,70.2533,71.6,18.1,18.6,34.3,69.6,35.5,40.5,3,117.728,93.9002,23.8276,0.921,84.84848,1.779,56.758,23.71,66.7169,68.5,17.0,20.1,32.0,70.2,39.1,37.9,1
3,117.728,93.9002,23.8276,0.921,84.84848,1.779,56.758,23.71,66.7169,68.5,17.0,20.1,32.0,70.2,39.1,37.9,1,120.833,94.8585,25.975,0.943,87.5,1.763,75.629,35.994,70.2533,71.6,18.1,18.6,34.3,69.6,35.5,40.5,0
1,122.075,94.0654,28.0091,0.953,78.78788,1.917,88.126,35.516,70.6955,72.7,16.4,18.7,42.0,74.9,30.0,36.7,2,119.139,91.8728,27.2664,0.954,85.29412,0.935,86.539,30.841,72.7658,74.6,16.0,19.4,34.0,72.8,31.6,35.3,0
2,119.139,91.8728,27.2664,0.954,85.29412,0.935,86.539,30.841,72.7658,74.6,16.0,19.4,34.0,72.8,31.6,35.3,1,122.075,94.0654,28.0091,0.953,78.78788,1.917,88.126,35.516,70.6955,72.7,16.4,18.7,42.0,74.9,30.0,36.7,1
7,105.546,88.5163,17.0302,0.882,67.74194,1.537,50.958,27.468,68.211,69.6,19.0,24.5,33.8,68.4,33.7,33.4,1,120.711,87.6571,33.0538,0.972,96.9697,1.78,68.782,19.459,70.022,71.8,15.9,17.7,29.9,74.6,32.6,38.2,1
1,120.711,87.6571,33.0538,0.972,96.9697,1.78,68.782,19.459,70.022,71.8,15.9,17.7,29.9,74.6,32.6,38.2,7,105.546,88.5163,17.0302,0.882,67.74194,1.537,50.958,27.468,68.211,69.6,19.0,24.5,33.8,68.4,33.7,33.4,0
3,117.728,93.9002,23.8276,0.921,84.84848,1.779,56.758,23.71,66.7169,68.5,17.0,20.1,32.0,70.2,39.1,37.9,1,122.075,94.0654,28.0091,0.953,78.78788,1.917,88.126,35.516,70.6955,72.7,16.4,18.7,42.0,74.9,30.0,36.7,1
1,122.075,94.0654,28.0091,0.953,78.78788,1.917,88.126,35.516,70.6955,72.7,16.4,18.7,42.0,74.9,30.0,36.7,3,117.728,93.9002,23.8276,0.921,84.84848,1.779,56.758,23.71,66.7169,68.5,17.0,20.1,32.0,70.2,39.1,37.9,0
1,120.711,87.6571,33.0538,0.972,96.9697,1.78,68.782,19.459,70.022,71.8,15.9,17.7,29.9,74.6,32.6,38.2,1,122.075,94.0654,28.0091,0.953,78.78788,1.917,88.126,35.516,70.6955,72.7,16.4,18.7,42.0,74.9,30.0,36.7,1
1,122.075,94.0654,28.0091,0.953,78.78788,1.917,88.126,35.516,70.6955,72.7,16.4,18.7,42.0,74.9,30.0,36.7,1,120.711,87.6571,33.0538,0.972,96.9697,1.78,68.782,19.459,70.022,71.8,15.9,17.7,29.9,74.6,32.6,38.2,0
1,120.379,90.575,29.804,0.961,87.87879,1.863,80.776,35.686,68.811,70.1,17.8,19.1,32.2,71.2,33.4,42.2,16,104.005,109.104,-5.09934,0.327,48.48485,1.667,0.232,12.023,69.3154,70.4,20.4,18.8,31.8,70.3,32.0,34.9,0
16,104.005,109.104,-5.09934,0.327,48.48485,1.667,0.232,12.023,69.3154,70.4,20.4,18.8,31.8,70.3,32.0,34.9,1,120.379,90.575,29.804,0.961,87.87879,1.863,80.776,35.686,68.811,70.1,17.8,19.1,32.2,71.2,33.4,42.2,1
8,108.785,95.1948,13.5905,0.803,65.625,1.771,53.765,26.719,68.9529,69.9,18.8,15.4,35.0,75.4,32.4,38.9,9,111.651,92.899,18.752,0.874,70.58824,1.968,72.327,23.62,65.7403,66.9,16.5,18.1,29.1,70.8,33.7,36.2,1
9,111.651,92.899,18.752,0.874,70.58824,1.968,72.327,23.62,65.7403,66.9,16.5,18.1,29.1,70.8,33.7,36.2,8,108.785,95.1948,13.5905,0.803,65.625,1.771,53.765,26.719,68.9529,69.9,18.8,15.4,35.0,75.4,32.4,38.9,0
5,116.294,95.5806,20.7136,0.885,75.0,1.774,87.245,28.313,67.2907,68.0,19.1,16.5,30.2,70.5,37.8,37.6,12,110.826,101.245,9.58182,0.744,77.41935,1.889,12.379,12.136,68.2819,69.3,17.1,17.1,32.4,74.5,36.8,36.2,0
12,110.826,101.245,9.58182,0.744,77.41935,1.889,12.379,12.136,68.2819,69.3,17.1,17.1,32.4,74.5,36.8,36.2,5,116.294,95.5806,20.7136,0.885,75.0,1.774,87.245,28.313,67.2907,68.0,19.1,16.5,30.2,70.5,37.8,37.6,1
4,112.902,93.2625,19.6396,0.899,69.69697,1.439,78.13,27.208,68.0218,68.8,17.5,14.1,32.4,74.3,33.7,36.9,13,108.243,96.5071,11.736,0.784,83.33333,2.152,15.446,13.153,70.5206,71.4,18.4,19.9,30.9,73.3,39.6,32.8,1
13,108.243,96.5071,11.736,0.784,83.33333,2.152,15.446,13.153,70.5206,71.4,18.4,19.9,30.9,73.3,39.6,32.8,4,112.902,93.2625,19.6396,0.899,69.69697,1.439,78.13,27.208,68.0218,68.8,17.5,14.1,32.4,74.3,33.7,36.9,0
6,117.368,95.4851,21.8831,0.905,75.75758,2.016,66.359,25.107,68.3189,69.1,17.9,16.2,35.1,75.1,29.2,38.3,11,111.743,90.5918,21.1508,0.919,74.19355,1.873,27.563,18.276,65.8499,66.8,14.8,23.2,31.9,76.4,38.5,32.9,1
11,111.743,90.5918,21.1508,0.919,74.19355,1.873,27.563,18.276,65.8499,66.8,14.8,23.2,31.9,76.4,38.5,32.9,6,117.368,95.4851,21.8831,0.905,75.75758,2.016,66.359,25.107,68.3189,69.1,17.9,16.2,35.1,75.1,29.2,38.3,0
3,118.848,95.9995,22.848,0.926,78.125,2.218,66.635,32.355,65.897,67.2,16.0,17.5,30.5,70.8,34.1,36.6,14,105.541,102.83,2.71119,0.55,57.57576,1.454,6.348,17.81,71.9828,72.9,18.9,17.7,32.2,71.4,37.0,33.5,0
14,105.541,102.83,2.71119,0.55,57.57576,1.454,6.348,17.81,71.9828,72.9,18.9,17.7,32.2,71.4,37.0,33.5,3,118.848,95.9995,22.848,0.926,78.125,2.218,66.635,32.355,65.897,67.2,16.0,17.5,30.5,70.8,34.1,36.6,1
7,116.298,94.9421,21.3563,0.911,67.74194,2.125,54.413,29.23,68.812,70.0,15.0,18.9,32.3,68.6,35.1,38.2,10,106.619,98.2712,8.34785,0.716,65.625,2.186,55.758,24.923,65.9852,66.7,13.7,16.6,29.0,70.2,37.8,34.0,0
10,106.619,98.2712,8.34785,0.716,65.625,2.186,55.758,24.923,65.9852,66.7,13.7,16.6,29.0,70.2,37.8,34.0,7,116.298,94.9421,21.3563,0.911,67.74194,2.125,54.413,29.23,68.812,70.0,15.0,18.9,32.3,68.6,35.1,38.2,1
2,118.299,91.552,26.7471,0.959,85.29412,1.709,81.555,30.779,66.5578,67.3,16.4,20.4,28.6,71.3,43.8,34.4,15,103.529,99.3166,4.21193,0.549,64.51613,1.148,11.114,10.414,70.1811,71.1,18.6,22.4,31.6,70.6,30.1,32.2,0
15,103.529,99.3166,4.21193,0.549,64.51613,1.148,11.114,10.414,70.1811,71.1,18.6,22.4,31.6,70.6,30.1,32.2,2,118.299,91.552,26.7471,0.959,85.29412,1.709,81.555,30.779,66.5578,67.3,16.4,20.4,28.6,71.3,43.8,34.4,1
1,119.63,96.8455,22.7847,0.904,81.81818,1.495,51.771,27.638,68.0532,69.1,16.3,20.6,34.6,68.7,33.9,35.1,16,97.0369,108.525,-11.4879,0.239,42.42424,1.649,5.623,9.645,63.6033,64.6,16.6,20.0,23.6,70.4,40.4,32.7,0
16,97.0369,108.525,-11.4879,0.239,42.42424,1.649,5.623,9.645,63.6033,64.6,16.6,20.0,23.6,70.4,40.4,32.7,1,119.63,96.8455,22.7847,0.904,81.81818,1.495,51.771,27.638,68.0532,69.1,16.3,20.6,34.6,68.7,33.9,35.1,1
8,113.435,98.7988,14.6358,0.854,79.41176,1.79,41.08,21.526,70.3117,71.2,14.3,16.2,28.3,74.2,35.7,32.7,9,110.035,92.8755,17.1593,0.872,68.75,1.92,56.651,23.448,64.1147,66.2,16.4,20.6,36.8,69.4,36.4,34.5,0
9,110.035,92.8755,17.1593,0.872,68.75,1.92,56.651,23.448,64.1147,66.2,16.4,20.6,36.8,69.4,36.4,34.5,8,113.435,98.7988,14.6358,0.854,79.41176,1.79,41.08,21.526,70.3117,71.2,14.3,16.2,28.3,74.2,35.7,32.7,1
5,118.756,98.8407,19.9152,0.877,65.625,1.878,48.262,35.471,66.4547,67.3,18.9,19.8,40.2,71.2,28.6,37.4,12,109.51,95.6837,13.8265,0.812,77.77778,2.27,3.85,15.942,65.9753,66.8,20.1,18.2,39.2,76.0,30.8,37.1,1
12,109.51,95.6837,13.8265,0.812,77.77778,2.27,3.85,15.942,65.9753,66.8,20.1,18.2,39.2,76.0,30.8,37.1,5,118.756,98.8407,19.9152,0.877,65.625,1.878,48.262,35.471,66.4547,67.3,18.9,19.8,40.2,71.2,28.6,37.4,0
4,121.786,99.7328,22.0532,0.918,69.69697,1.063,94.152,32.331,67.5008,68.8,14.3,17.7,34.0,65.5,40.1,38.7,13,110.051,100.792,9.25855,0.707,76.66667,1.606,1.709,13.73,70.1618,71.3,16.0,20.1,32.1,70.1,33.4,34.1,0
13,110.051,100.792,9.25855,0.707,76.66667,1.606,1.709,13.73,70.1618,71.3,16.0,20.1,32.1,70.1,33.4,34.1,4,121.786,99.7328,22.0532,0.918,69.69697,1.063,94.152,32.331,67.5008,68.8,14.3,17.7,34.0,65.5,40.1,38.7,1
6,112.821,95.7146,17.1061,0.859,62.5,1.958,73.204,36.005,65.1637,66.3,15.4,18.5,30.7,67.7,36.0,33.9,11,108.298,98.2039,10.0945,0.777,63.63636,2.207,36.74,21.49,62.3968,63.4,15.2,18.7,17.8,72.8,42.3,37.2,1
11,108.298,98.2039,10.0945,0.777,63.63636,2.207,36.74,21.49,62.3968,63.4,15.2,18.7,17.8,72.8,42.3,37.2,6,112.821,95.7146,17.1061,0.859,62.5,1.958,73.204,36.005,65.1637,66.3,15.4,18.5,30.7,67.7,36.0,33.9,0
3,114.159,92.3528,21.8057,0.918,76.47059,1.815,69.544,27.831,66.5488,68.1,17.2,20.9,35.0,70.0,37.0,35.0,14,108.225,104.236,3.98885,0.568,63.63636,2.069,0.2,15.675,76.1219,77.2,15.6,20.9,31.3,68.2,31.0,35.0,0
14,108.225,104.236,3.98885,0.568,63.63636,2.069,0.2,15.675,76.1219,77.2,15.6,20.9,31.3,68.2,31.0,35.0,3,114.159,92.3528,21.8057,0.918,76.47059,1.815,69.544,27.831,66.5488,68.1,17.2,20.9,35.0,70.0,37.0,35.0,1
7,110.836,98.3992,12.4371,0.785,60.0,1.608,44.404,30.461,67.1452,68.0,16.8,19.5,29.4,67.7,31.8,37.3,10,110.984,94.769,16.2152,0.878,70.58824,2.092,38.015,20.513,69.4498,70.3,16.2,21.9,33.3,72.2,32.8,35.6,1
10,110.984,94.769,16.2152,0.878,70.58824,2.092,38.015,20.513,69.4498,70.3,16.2,21.9,33.3,72.2,32.8,35.6,7,110.836,98.3992,12.4371,0.785,60.0,1.608,44.404,30.461,67.1452,68.0,16.8,19.5,29.4,67.7,31.8,37.3,0
2,117.285,92.4357,24.849,0.938,78.125,2.158,57.714,35.834,69.8681,71.1,18.0,17.6,30.5,70.2,40.7,42.6,15,103.37,96.8714,6.49871,0.709,72.41379,1.895,5.421,10.513,67.6197,68.5,18.1,21.8,34.0,70.4,27.0,34.6,0
15,103.37,96.8714,6.49871,0.709,72.41379,1.895,5.421,10.513,67.6197,68.5,18.1,21.8,34.0,70.4,27.0,34.6,2,117.285,92.4357,24.849,0.938,78.125,2.158,57.714,35.834,69.8681,71.1,18.0,17.6,30.5,70.2,40.7,42.6,1
1,121.139,93.1009,28.0379,0.942,82.35294,1.854,90.938,32.034,71.0747,72.3,15.4,18.6,39.8,70.1,26.7,31.4,16,102.917,104.307,-1.39023,0.48,55.17241,1.331,24.576,11.006,66.5831,67.7,16.9,16.2,31.5,72.5,24.4,34.6,0
16,102.917,104.307,-1.39023,0.48,55.17241,1.331,24.576,11.006,66.5831,67.7,16.9,16.2,31.5,72.5,24.4,34.6,1,121.139,93.1009,28.0379,0.942,82.35294,1.854,90.938,32.034,71.0747,72.3,15.4,18.6,39.8,70.1,26.7,31.4,1
8,113.901,99.116,14.7848,0.848,63.63636,1.247,72.171,26.984,71.1914,72.3,16.5,16.9,32.4,68.1,32.4,38.5,9,109.321,95.7275,13.5932,0.826,69.69697,1.133,59.887,31.166,68.4903,69.5,16.3,20.7,30.9,69.8,36.9,32.1,1
9,109.321,95.7275,13.5932,0.826,69.69697,1.133,59.887,31.166,68.4903,69.5,16.3,20.7,30.9,69.8,36.9,32.1,8,113.901,99.116,14.7848,0.848,63.63636,1.247,72.171,26.984,71.1914,72.3,16.5,16.9,32.4,68.1,32.4,38.5,0
5,120.855,98.0589,22.7957,0.912,78.125,1.749,68.041,23.197,67.7325,69.3,19.8,18.9,37.7,71.3,40.9,41.5,12,107.156,99.7384,7.41784,0.651,84.375,2.305,7.903,11.639,66.1763,67.1,17.9,20.3,32.4,71.1,37.1,36.1,0
12,107.156,99.7384,7.41784,0.651,84.375,2.305,7.903,11.639,66.1763,67.1,17.9,20.3,32.4,71.1,37.1,36.1,5,120.855,98.0589,22.7957,0.912,78.125,1.749,68.041,23.197,67.7325,69.3,19.8,18.9,37.7,71.3,40.9,41.5,1
4,122.508,97.3082,25.1996,0.943,76.47059,0.956,92.397,28.159,66.9955,68.0,16.1,17.9,37.8,68.3,31.4,37.0,13,107.481,98.9433,8.53773,0.697,80.0,2.267,0.2,11.251,66.9582,67.6,17.2,18.5,34.4,74.2,29.3,37.5,0
13,107.481,98.9433,8.53773,0.697,80.0,2.267,0.2,11.251,66.9582,67.6,17.2,18.5,34.4,74.2,29.3,37.5,4,122.508,97.3082,25.1996,0.943,76.47059,0.956,92.397,28.159,66.9955,68.0,16.1,17.9,37.8,68.3,31.4,37.0,1
6,119.69,103.709,15.9813,0.824,65.625,1.721,76.873,31.682,64.933,65.9,14.8,14.8,32.8,68.7,34.5,36.9,11,115.094,100.54,14.5538,0.834,63.63636,1.418,54.482,29.236,65.9134,66.5,14.7,17.7,24.4,73.7,44.5,38.4,0
11,115.094,100.54,14.5538,0.834,63.63636,1.418,54.482,29.236,65.9134,66.5,14.7,17.7,24.4,73.7,44.5,38.4,6,119.69,103.709,15.9813,0.824,65.625,1.721,76.873,31.682,64.933,65.9,14.8,14.8,32.8,68.7,34.5,36.9,1
3,116.39,90.4754,25.9146,0.944,76.47059,1.724,46.477,34.85,69.3697,70.9,19.6,25.5,41.9,72.8,30.6,32.9,14,111.339,96.9336,14.405,0.772,82.14286,2.171,0.458,9.477,67.4268,68.4,18.2,25.9,33.5,70.3,36.4,37.5,1
14,111.339,96.9336,14.405,0.772,82.14286,2.171,0.458,9.477,67.4268,68.4,18.2,25.9,33.5,70.3,36.4,37.5,3,116.39,90.4754,25.9146,0.944,76.47059,1.724,46.477,34.85,69.3697,70.9,19.6,25.5,41.9,72.8,30.6,32.9,0
7,111.769,95.4038,16.3651,0.837,62.5,1.348,58.366,29.577,63.2633,64.2,17.0,18.8,33.6,71.8,33.8,35.8,10,115.484,99.2827,16.2013,0.864,64.51613,2.072,57.184,31.513,65.557,66.6,17.4,17.1,37.4,72.5,30.8,35.1,0
10,115.484,99.2827,16.2013,0.864,64.51613,2.072,57.184,31.513,65.557,66.6,17.4,17.1,37.4,72.5,30.8,35.1,7,111.769,95.4038,16.3651,0.837,62.5,1.348,58.366,29.577,63.2633,64.2,17.0,18.8,33.6,71.8,33.8,35.8,1
2,117.096,95.3858,21.71,0.922,84.375,1.534,65.075,29.509,71.9214,72.6,17.5,19.4,35.7,73.7,34.7,36.2,15,103.593,100.851,2.74146,0.593,74.19355,1.391,1.595,9.167,66.9958,67.9,19.7,15.5,26.0,74.8,42.1,36.0,0
15,103.593,100.851,2.74146,0.593,74.19355,1.391,1.595,9.167,66.9958,67.9,19.7,15.5,26.0,74.8,42.1,36.0,2,117.096,95.3858,21.71,0.922,84.375,1.534,65.075,29.509,71.9214,72.6,17.5,19.4,35.7,73.7,34.7,36.2,1
1,120.224,91.1288,29.0952,0.954,78.78788,1.985,74.302,36.199,60.6947,61.6,15.3,19.7,30.6,74.1,28.1,40.5,16,99.7519,106.561,-6.80879,0.269,66.66667,2.293,4.609,8.629,71.2725,72.1,18.9,16.9,34.9,72.6,34.7,30.9,0
16,99.7519,106.561,-6.80879,0.269,66.66667,2.293,4.609,8.629,71.2725,72.1,18.9,16.9,34.9,72.6,34.7,30.9,1,120.224,91.1288,29.0952,0.954,78.78788,1.985,74.302,36.199,60.6947,61.6,15.3,19.7,30.6,74.1,28.1,40.5,1
8,113.846,99.1212,14.7244,0.82,61.29032,1.716,18.334,32.532,65.9989,67.3,17.7,18.9,31.7,67.6,30.4,34.5,9,117.318,101.468,15.8497,0.877,67.74194,2.128,61.077,29.739,67.7286,69.2,14.5,18.6,32.8,72.2,30.5,38.7,1
9,117.318,101.468,15.8497,0.877,67.74194,2.128,61.077,29.739,67.7286,69.2,14.5,18.6,32.8,72.2,30.5,38.7,8,113.846,99.1212,14.7244,0.82,61.29032,1.716,18.334,32.532,65.9989,67.3,17.7,18.9,31.7,67.6,30.4,34.5,0
5,117.0,92.4061,24.5939,0.933,76.47059,1.518,66.451,26.889,67.5995,68.8,17.5,13.8,35.3,76.7,35.5,36.8,12,108.951,95.6244,13.3265,0.783,87.09677,2.35,0.475,13.219,63.2633,63.9,15.9,21.4,26.9,69.9,34.7,38.7,1
12,108.951,95.6244,13.3265,0.783,87.09677,2.35,0.475,13.219,63.2633,63.9,15.9,21.4,26.9,69.9,34.7,38.7,5,117.0,92.4061,24.5939,0.933,76.47059,1.518,66.451,26.889,67.5995,68.8,17.5,13.8,35.3,76.7,35.5,36.8,0
4,121.033,99.9576,21.0754,0.906,65.625,2.427,63.044,34.953,71.0322,72.3,16.0,17.1,27.3,69.3,35.0,38.0,13,110.602,102.768,7.8333,0.66,68.75,2.184,8.384,13.931,71.7927,72.6,17.6,19.4,29.4,68.7,44.2,37.2,0
13,110.602,102.768,7.8333,0.66,68.75,2.184,8.384,13.931,71.7927,72.6,17.6,19.4,29.4,68.7,44.2,37.2,4,121.033,99.9576,21.0754,0.906,65.625,2.427,63.044,34.953,71.0322,72.3,16.0,17.1,27.3,69.3,35.0,38.0,1
6,111.433,93.7641,17.6691,0.893,75.75758,1.139,62.243,30.728,69.4734,70.3,19.5,19.2,35.0,69.3,29.6,35.3,11,116.44,97.1644,19.2756,0.904,78.125,1.788,58.0,20.236,67.1988,68.2,16.5,14.9,31.9,74.1,35.9,37.6,1
11,116.44,97.1644,19.2756,0.904,78.125,1.788,58.0,20.236,67.1988,68.2,16.5,14.9,31.9,74.1,35.9,37.6,6,111.433,93.7641,17.6691,0.893,75.75758,1.139,62.243,30.728,69.4734,70.3,19.5,19.2,35.0,69.3,29.6,35.3,0
3,115.673,97.5601,18.1129,0.875,75.75758,2.011,34.826,30.751,65.2107,67.0,17.8,15.2,29.0,72.0,37.6,36.0,14,107.084,100.385,6.69862,0.652,71.875,2.293,40.734,17.899,68.9375,69.9,14.9,20.8,30.3,71.0,30.2,34.3,0
14,107.084,100.385,6.69862,0.652,71.875,2.293,40.734,17.899,68.9375,69.9,14.9,20.8,30.3,71.0,30.2,34.3,3,115.673,97.5601,18.1129,0.875,75.75758,2.011,34.826,30.751,65.2107,67.0,17.8,15.2,29.0,72.0,37.6,36.0,1
7,106.934,93.5907,13.3434,0.838,78.125,1.562,36.347,20.789,67.8498,68.5,18.8,17.9,28.9,76.4,34.8,34.7,10,111.357,95.507,15.8501,0.86,59.375,1.713,88.863,30.281,64.9033,65.7,18.3,20.6,33.0,64.7,43.2,36.1,1
10,111.357,95.507,15.8501,0.86,59.375,1.713,88.863,30.281,64.9033,65.7,18.3,20.6,33.0,64.7,43.2,36.1,7,106.934,93.5907,13.3434,0.838,78.125,1.562,36.347,20.789,67.8498,68.5,18.8,17.9,28.9,76.4,34.8,34.7,0
2,123.022,93.3408,29.6807,0.945,85.29412,1.818,59.574,26.632,66.3201,67.6,17.5,14.2,37.2,75.8,35.3,43.4,15,103.144,99.21,3.93408,0.605,70.96774,1.752,8.754,12.345,67.5556,68.6,17.2,19.4,28.2,74.5,35.7,38.9,1
15,103.144,99.21,3.93408,0.605,70.96774,1.752,8.754,12.345,67.5556,68.6,17.2,19.4,28.2,74.5,35.7,38.9,2,123.022,93.3408,29.6807,0.945,85.29412,1.818,59.574,26.632,66.3201,67.6,17.5,14.2,37.2,75.8,35.3,43.4,0
1,120.379,90.575,29.804,0.961,87.87879,1.863,80.776,35.686,68.811,70.1,17.8,19.1,32.2,71.2,33.4,42.2,9,111.651,92.899,18.752,0.874,70.58824,1.968,72.327,23.62,65.7403,66.9,16.5,18.1,29.1,70.8,33.7,36.2,0
9,111.651,92.899,18.752,0.874,70.58824,1.968,72.327,23.62,65.7403,66.9,16.5,18.1,29.1,70.8,33.7,36.2,1,120.379,90.575,29.804,0.961,87.87879,1.863,80.776,35.686,68.811,70.1,17.8,19.1,32.2,71.2,33.4,42.2,1
5,116.294,95.5806,20.7136,0.885,75.0,1.774,87.245,28.313,67.2907,68.0,19.1,16.5,30.2,70.5,37.8,37.6,13,108.243,96.5071,11.736,0.784,83.33333,2.152,15.446,13.153,70.5206,71.4,18.4,19.9,30.9,73.3,39.6,32.8,0
13,108.243,96.5071,11.736,0.784,83.33333,2.152,15.446,13.153,70.5206,71.4,18.4,19.9,30.9,73.3,39.6,32.8,5,116.294,95.5806,20.7136,0.885,75.0,1.774,87.245,28.313,67.2907,68.0,19.1,16.5,30.2,70.5,37.8,37.6,1
11,111.743,90.5918,21.1508,0.919,74.19355,1.873,27.563,18.276,65.8499,66.8,14.8,23.2,31.9,76.4,38.5,32.9,3,118.848,95.9995,22.848,0.926,78.125,2.218,66.635,32.355,65.897,67.2,16.0,17.5,30.5,70.8,34.1,36.6,1
3,118.848,95.9995,22.848,0.926,78.125,2.218,66.635,32.355,65.897,67.2,16.0,17.5,30.5,70.8,34.1,36.6,11,111.743,90.5918,21.1508,0.919,74.19355,1.873,27.563,18.276,65.8499,66.8,14.8,23.2,31.9,76.4,38.5,32.9,0
7,116.298,94.9421,21.3563,0.911,67.74194,2.125,54.413,29.23,68.812,70.0,15.0,18.9,32.3,68.6,35.1,38.2,2,118.299,91.552,26.7471,0.959,85.29412,1.709,81.555,30.779,66.5578,67.3,16.4,20.4,28.6,71.3,43.8,34.4,1
2,118.299,91.552,26.7471,0.959,85.29412,1.709,81.555,30.779,66.5578,67.3,16.4,20.4,28.6,71.3,43.8,34.4,7,116.298,94.9421,21.3563,0.911,67.74194,2.125,54.413,29.23,68.812,70.0,15.0,18.9,32.3,68.6,35.1,38.2,0
1,119.63,96.8455,22.7847,0.904,81.81818,1.495,51.771,27.638,68.0532,69.1,16.3,20.6,34.6,68.7,33.9,35.1,8,113.435,98.7988,14.6358,0.854,79.41176,1.79,41.08,21.526,70.3117,71.2,14.3,16.2,28.3,74.2,35.7,32.7,0
8,113.435,98.7988,14.6358,0.854,79.41176,1.79,41.08,21.526,70.3117,71.2,14.3,16.2,28.3,74.2,35.7,32.7,1,119.63,96.8455,22.7847,0.904,81.81818,1.495,51.771,27.638,68.0532,69.1,16.3,20.6,34.6,68.7,33.9,35.1,1
12,109.51,95.6837,13.8265,0.812,77.77778,2.27,3.85,15.942,65.9753,66.8,20.1,18.2,39.2,76.0,30.8,37.1,4,121.786,99.7328,22.0532,0.918,69.69697,1.063,94.152,32.331,67.5008,68.8,14.3,17.7,34.0,65.5,40.1,38.7,1
4,121.786,99.7328,22.0532,0.918,69.69697,1.063,94.152,32.331,67.5008,68.8,14.3,17.7,34.0,65.5,40.1,38.7,12,109.51,95.6837,13.8265,0.812,77.77778,2.27,3.85,15.942,65.9753,66.8,20.1,18.2,39.2,76.0,30.8,37.1,0
11,108.298,98.2039,10.0945,0.777,63.63636,2.207,36.74,21.49,62.3968,63.4,15.2,18.7,17.8,72.8,42.3,37.2,3,114.159,92.3528,21.8057,0.918,76.47059,1.815,69.544,27.831,66.5488,68.1,17.2,20.9,35.0,70.0,37.0,35.0,1
3,114.159,92.3528,21.8057,0.918,76.47059,1.815,69.544,27.831,66.5488,68.1,17.2,20.9,35.0,70.0,37.0,35.0,11,108.298,98.2039,10.0945,0.777,63.63636,2.207,36.74,21.49,62.3968,63.4,15.2,18.7,17.8,72.8,42.3,37.2,0
10,110.984,94.769,16.2152,0.878,70.58824,2.092,38.015,20.513,69.4498,70.3,16.2,21.9,33.3,72.2,32.8,35.6,2,117.285,92.4357,24.849,0.938,78.125,2.158,57.714,35.834,69.8681,71.1,18.0,17.6,30.5,70.2,40.7,42.6,1
2,117.285,92.4357,24.849,0.938,78.125,2.158,57.714,35.834,69.8681,71.1,18.0,17.6,30.5,70.2,40.7,42.6,10,110.984,94.769,16.2152,0.878,70.58824,2.092,38.015,20.513,69.4498,70.3,16.2,21.9,33.3,72.2,32.8,35.6,0
1,121.139,93.1009,28.0379,0.942,82.35294,1.854,90.938,32.034,71.0747,72.3,15.4,18.6,39.8,70.1,26.7,31.4,9,109.321,95.7275,13.5932,0.826,69.69697,1.133,59.887,31.166,68.4903,69.5,16.3,20.7,30.9,69.8,36.9,32.1,0
9,109.321,95.7275,13.5932,0.826,69.69697,1.133,59.887,31.166,68.4903,69.5,16.3,20.7,30.9,69.8,36.9,32.1,1,121.139,93.1009,28.0379,0.942,82.35294,1.854,90.938,32.034,71.0747,72.3,15.4,18.6,39.8,70.1,26.7,31.4,1
5,120.855,98.0589,22.7957,0.912,78.125,1.749,68.041,23.197,67.7325,69.3,19.8,18.9,37.7,71.3,40.9,41.5,4,122.508,97.3082,25.1996,0.943,76.47059,0.956,92.397,28.159,66.9955,68.0,16.1,17.9,37.8,68.3,31.4,37.0,0
4,122.508,97.3082,25.1996,0.943,76.47059,0.956,92.397,28.159,66.9955,68.0,16.1,17.9,37.8,68.3,31.4,37.0,5,120.855,98.0589,22.7957,0.912,78.125,1.749,68.041,23.197,67.7325,69.3,19.8,18.9,37.7,71.3,40.9,41.5,1
6,119.69,103.709,15.9813,0.824,65.625,1.721,76.873,31.682,64.933,65.9,14.8,14.8,32.8,68.7,34.5,36.9,14,111.339,96.9336,14.405,0.772,82.14286,2.171,0.458,9.477,67.4268,68.4,18.2,25.9,33.5,70.3,36.4,37.5,0
14,111.339,96.9336,14.405,0.772,82.14286,2.171,0.458,9.477,67.4268,68.4,18.2,25.9,33.5,70.3,36.4,37.5,6,119.69,103.709,15.9813,0.824,65.625,1.721,76.873,31.682,64.933,65.9,14.8,14.8,32.8,68.7,34.5,36.9,1
7,111.769,95.4038,16.3651,0.837,62.5,1.348,58.366,29.577,63.2633,64.2,17.0,18.8,33.6,71.8,33.8,35.8,2,117.096,95.3858,21.71,0.922,84.375,1.534,65.075,29.509,71.9214,72.6,17.5,19.4,35.7,73.7,34.7,36.2,0
2,117.096,95.3858,21.71,0.922,84.375,1.534,65.075,29.509,71.9214,72.6,17.5,19.4,35.7,73.7,34.7,36.2,7,111.769,95.4038,16.3651,0.837,62.5,1.348,58.366,29.577,63.2633,64.2,17.0,18.8,33.6,71.8,33.8,35.8,1
1,120.224,91.1288,29.0952,0.954,78.78788,1.985,74.302,36.199,60.6947,61.6,15.3,19.7,30.6,74.1,28.1,40.5,9,117.318,101.468,15.8497,0.877,67.74194,2.128,61.077,29.739,67.7286,69.2,14.5,18.6,32.8,72.2,30.5,38.7,0
9,117.318,101.468,15.8497,0.877,67.74194,2.128,61.077,29.739,67.7286,69.2,14.5,18.6,32.8,72.2,30.5,38.7,1,120.224,91.1288,29.0952,0.954,78.78788,1.985,74.302,36.199,60.6947,61.6,15.3,19.7,30.6,74.1,28.1,40.5,1
12,108.951,95.6244,13.3265,0.783,87.09677,2.35,0.475,13.219,63.2633,63.9,15.9,21.4,26.9,69.9,34.7,38.7,4,121.033,99.9576,21.0754,0.906,65.625,2.427,63.044,34.953,71.0322,72.3,16.0,17.1,27.3,69.3,35.0,38.0,1
4,121.033,99.9576,21.0754,0.906,65.625,2.427,63.044,34.953,71.0322,72.3,16.0,17.1,27.3,69.3,35.0,38.0,12,108.951,95.6244,13.3265,0.783,87.09677,2.35,0.475,13.219,63.2633,63.9,15.9,21.4,26.9,69.9,34.7,38.7,0
11,116.44,97.1644,19.2756,0.904,78.125,1.788,58.0,20.236,67.1988,68.2,16.5,14.9,31.9,74.1,35.9,37.6,3,115.673,97.5601,18.1129,0.875,75.75758,2.011,34.826,30.751,65.2107,67.0,17.8,15.2,29.0,72.0,37.6,36.0,0
3,115.673,97.5601,18.1129,0.875,75.75758,2.011,34.826,30.751,65.2107,67.0,17.8,15.2,29.0,72.0,37.6,36.0,11,116.44,97.1644,19.2756,0.904,78.125,1.788,58.0,20.236,67.1988,68.2,16.5,14.9,31.9,74.1,35.9,37.6,1
10,111.357,95.507,15.8501,0.86,59.375,1.713,88.863,30.281,64.9033,65.7,18.3,20.6,33.0,64.7,43.2,36.1,15,103.144,99.21,3.93408,0.605,70.96774,1.752,8.754,12.345,67.5556,68.6,17.2,19.4,28.2,74.5,35.7,38.9,0
15,103.144,99.21,3.93408,0.605,70.96774,1.752,8.754,12.345,67.5556,68.6,17.2,19.4,28.2,74.5,35.7,38.9,10,111.357,95.507,15.8501,0.86,59.375,1.713,88.863,30.281,64.9033,65.7,18.3,20.6,33.0,64.7,43.2,36.1,1
1,120.379,90.575,29.804,0.961,87.87879,1.863,80.776,35.686,68.811,70.1,17.8,19.1,32.2,71.2,33.4,42.2,5,116.294,95.5806,20.7136,0.885,75.0,1.774,87.245,28.313,67.2907,68.0,19.1,16.5,30.2,70.5,37.8,37.6,0
5,116.294,95.5806,20.7136,0.885,75.0,1.774,87.245,28.313,67.2907,68.0,19.1,16.5,30.2,70.5,37.8,37.6,1,120.379,90.575,29.804,0.961,87.87879,1.863,80.776,35.686,68.811,70.1,17.8,19.1,32.2,71.2,33.4,42.2,1
3,118.848,95.9995,22.848,0.926,78.125,2.218,66.635,32.355,65.897,67.2,16.0,17.5,30.5,70.8,34.1,36.6,2,118.299,91.552,26.7471,0.959,85.29412,1.709,81.555,30.779,66.5578,67.3,16.4,20.4,28.6,71.3,43.8,34.4,1
2,118.299,91.552,26.7471,0.959,85.29412,1.709,81.555,30.779,66.5578,67.3,16.4,20.4,28.6,71.3,43.8,34.4,3,118.848,95.9995,22.848,0.926,78.125,2.218,66.635,32.355,65.897,67.2,16.0,17.5,30.5,70.8,34.1,36.6,0
1,119.63,96.8455,22.7847,0.904,81.81818,1.495,51.771,27.638,68.0532,69.1,16.3,20.6,34.6,68.7,33.9,35.1,4,121.786,99.7328,22.0532,0.918,69.69697,1.063,94.152,32.331,67.5008,68.8,14.3,17.7,34.0,65.5,40.1,38.7,0
4,121.786,99.7328,22.0532,0.918,69.69697,1.063,94.152,32.331,67.5008,68.8,14.3,17.7,34.0,65.5,40.1,38.7,1,119.63,96.8455,22.7847,0.904,81.81818,1.495,51.771,27.638,68.0532,69.1,16.3,20.6,34.6,68.7,33.9,35.1,1
3,114.159,92.3528,21.8057,0.918,76.47059,1.815,69.544,27.831,66.5488,68.1,17.2,20.9,35.0,70.0,37.0,35.0,2,117.285,92.4357,24.849,0.938,78.125,2.158,57.714,35.834,69.8681,71.1,18.0,17.6,30.5,70.2,40.7,42.6,1
2,117.285,92.4357,24.849,0.938,78.125,2.158,57.714,35.834,69.8681,71.1,18.0,17.6,30.5,70.2,40.7,42.6,3,114.159,92.3528,21.8057,0.918,76.47059,1.815,69.544,27.831,66.5488,68.1,17.2,20.9,35.0,70.0,37.0,35.0,0
1,121.139,93.1009,28.0379,0.942,82.35294,1.854,90.938,32.034,71.0747,72.3,15.4,18.6,39.8,70.1,26.7,31.4,5,120.855,98.0589,22.7957,0.912,78.125,1.749,68.041,23.197,67.7325,69.3,19.8,18.9,37.7,71.3,40.9,41.5,0
5,120.855,98.0589,22.7957,0.912,78.125,1.749,68.041,23.197,67.7325,69.3,19.8,18.9,37.7,71.3,40.9,41.5,1,121.139,93.1009,28.0379,0.942,82.35294,1.854,90.938,32.034,71.0747,72.3,15.4,18.6,39.8,70.1,26.7,31.4,1
6,119.69,103.709,15.9813,0.824,65.625,1.721,76.873,31.682,64.933,65.9,14.8,14.8,32.8,68.7,34.5,36.9,7,111.769,95.4038,16.3651,0.837,62.5,1.348,58.366,29.577,63.2633,64.2,17.0,18.8,33.6,71.8,33.8,35.8,0
7,111.769,95.4038,16.3651,0.837,62.5,1.348,58.366,29.577,63.2633,64.2,17.0,18.8,33.6,71.8,33.8,35.8,6,119.69,103.709,15.9813,0.824,65.625,1.721,76.873,31.682,64.933,65.9,14.8,14.8,32.8,68.7,34.5,36.9,1
1,120.224,91.1288,29.0952,0.954,78.78788,1.985,74.302,36.199,60.6947,61.6,15.3,19.7,30.6,74.1,28.1,40.5,4,121.033,99.9576,21.0754,0.906,65.625,2.427,63.044,34.953,71.0322,72.3,16.0,17.1,27.3,69.3,35.0,38.0,0
4,121.033,99.9576,21.0754,0.906,65.625,2.427,63.044,34.953,71.0322,72.3,16.0,17.1,27.3,69.3,35.0,38.0,1,120.224,91.1288,29.0952,0.954,78.78788,1.985,74.302,36.199,60.6947,61.6,15.3,19.7,30.6,74.1,28.1,40.5,1
11,116.44,97.1644,19.2756,0.904,78.125,1.788,58.0,20.236,67.1988,68.2,16.5,14.9,31.9,74.1,35.9,37.6,10,111.357,95.507,15.8501,0.86,59.375,1.713,88.863,30.281,64.9033,65.7,18.3,20.6,33.0,64.7,43.2,36.1,1
10,111.357,95.507,15.8501,0.86,59.375,1.713,88.863,30.281,64.9033,65.7,18.3,20.6,33.0,64.7,43.2,36.1,11,116.44,97.1644,19.2756,0.904,78.125,1.788,58.0,20.236,67.1988,68.2,16.5,14.9,31.9,74.1,35.9,37.6,0
1,120.379,90.575,29.804,0.961,87.87879,1.863,80.776,35.686,68.811,70.1,17.8,19.1,32.2,71.2,33.4,42.2,2,118.299,91.552,26.7471,0.959,85.29412,1.709,81.555,30.779,66.5578,67.3,16.4,20.4,28.6,71.3,43.8,34.4,1
2,118.299,91.552,26.7471,0.959,85.29412,1.709,81.555,30.779,66.5578,67.3,16.4,20.4,28.6,71.3,43.8,34.4,1,120.379,90.575,29.804,0.961,87.87879,1.863,80.776,35.686,68.811,70.1,17.8,19.1,32.2,71.2,33.4,42.2,0
1,119.63,96.8455,22.7847,0.904,81.81818,1.495,51.771,27.638,68.0532,69.1,16.3,20.6,34.6,68.7,33.9,35.1,2,117.285,92.4357,24.849,0.938,78.125,2.158,57.714,35.834,69.8681,71.1,18.0,17.6,30.5,70.2,40.7,42.6,1
2,117.285,92.4357,24.849,0.938,78.125,2.158,57.714,35.834,69.8681,71.1,18.0,17.6,30.5,70.2,40.7,42.6,1,119.63,96.8455,22.7847,0.904,81.81818,1.495,51.771,27.638,68.0532,69.1,16.3,20.6,34.6,68.7,33.9,35.1,0
1,121.139,93.1009,28.0379,0.942,82.35294,1.854,90.938,32.034,71.0747,72.3,15.4,18.6,39.8,70.1,26.7,31.4,6,119.69,103.709,15.9813,0.824,65.625,1.721,76.873,31.682,64.933,65.9,14.8,14.8,32.8,68.7,34.5,36.9,0
6,119.69,103.709,15.9813,0.824,65.625,1.721,76.873,31.682,64.933,65.9,14.8,14.8,32.8,68.7,34.5,36.9,1,121.139,93.1009,28.0379,0.942,82.35294,1.854,90.938,32.034,71.0747,72.3,15.4,18.6,39.8,70.1,26.7,31.4,1
1,120.224,91.1288,29.0952,0.954,78.78788,1.985,74.302,36.199,60.6947,61.6,15.3,19.7,30.6,74.1,28.1,40.5,10,111.357,95.507,15.8501,0.86,59.375,1.713,88.863,30.281,64.9033,65.7,18.3,20.6,33.0,64.7,43.2,36.1,1
10,111.357,95.507,15.8501,0.86,59.375,1.713,88.863,30.281,64.9033,65.7,18.3,20.6,33.0,64.7,43.2,36.1,1,120.224,91.1288,29.0952,0.954,78.78788,1.985,74.302,36.199,60.6947,61.6,15.3,19.7,30.6,74.1,28.1,40.5,0
2,118.299,91.552,26.7471,0.959,85.29412,1.709,81.555,30.779,66.5578,67.3,16.4,20.4,28.6,71.3,43.8,34.4,2,117.285,92.4357,24.849,0.938,78.125,2.158,57.714,35.834,69.8681,71.1,18.0,17.6,30.5,70.2,40.7,42.6,0
2,117.285,92.4357,24.849,0.938,78.125,2.158,57.714,35.834,69.8681,71.1,18.0,17.6,30.5,70.2,40.7,42.6,2,118.299,91.552,26.7471,0.959,85.29412,1.709,81.555,30.779,66.5578,67.3,16.4,20.4,28.6,71.3,43.8,34.4,1
1,121.139,93.1009,28.0379,0.942,82.35294,1.854,90.938,32.034,71.0747,72.3,15.4,18.6,39.8,70.1,26.7,31.4,10,111.357,95.507,15.8501,0.86,59.375,1.713,88.863,30.281,64.9033,65.7,18.3,20.6,33.0,64.7,43.2,36.1,0
10,111.357,95.507,15.8501,0.86,59.375,1.713,88.863,30.281,64.9033,65.7,18.3,20.6,33.0,64.7,43.2,36.1,1,121.139,93.1009,28.0379,0.942,82.35294,1.854,90.938,32.034,71.0747,72.3,15.4,18.6,39.8,70.1,26.7,31.4,1
2,118.299,91.552,26.7471,0.959,85.29412,1.709,81.555,30.779,66.5578,67.3,16.4,20.4,28.6,71.3,43.8,34.4,1,121.139,93.1009,28.0379,0.942,82.35294,1.854,90.938,32.034,71.0747,72.3,15.4,18.6,39.8,70.1,26.7,31.4,0
1,121.139,93.1009,28.0379,0.942,82.35294,1.854,90.938,32.034,71.0747,72.3,15.4,18.6,39.8,70.1,26.7,31.4,2,118.299,91.552,26.7471,0.959,85.29412,1.709,81.555,30.779,66.5578,67.3,16.4,20.4,28.6,71.3,43.8,34.4,1
1,121.27,83.8367,37.4333,0.983,100.0,0.732,95.498,27.097,61.9696,63.5,16.4,21.8,40.4,68.4,28.1,35.0,16,96.0398,104.551,-8.51136,0.264,48.48485,2.033,8.221,9.527,68.6346,69.3,20.5,20.1,32.8,69.1,33.3,30.4,0
16,96.0398,104.551,-8.51136,0.264,48.48485,2.033,8.221,9.527,68.6346,69.3,20.5,20.1,32.8,69.1,33.3,30.4,1,121.27,83.8367,37.4333,0.983,100.0,0.732,95.498,27.097,61.9696,63.5,16.4,21.8,40.4,68.4,28.1,35.0,1
8,108.353,94.1045,14.2488,0.833,68.75,1.474,58.388,18.539,59.2099,60.2,21.3,20.3,37.3,68.3,30.6,33.3,9,110.824,96.8436,13.9802,0.853,63.63636,1.2,63.657,29.197,63.9932,65.0,20.0,17.8,36.2,68.9,32.3,33.5,0
9,110.824,96.8436,13.9802,0.853,63.63636,1.2,63.657,29.197,63.9932,65.0,20.0,17.8,36.2,68.9,32.3,33.5,8,108.353,94.1045,14.2488,0.833,68.75,1.474,58.388,18.539,59.2099,60.2,21.3,20.3,37.3,68.3,30.6,33.3,1
5,113.252,94.4993,18.7531,0.88,71.875,1.361,49.102,29.931,67.9793,69.1,18.7,28.2,40.9,68.9,33.8,31.9,12,111.344,99.0045,12.339,0.777,71.875,1.737,15.051,17.477,68.4522,69.2,16.4,19.8,34.7,69.6,30.2,34.0,0
12,111.344,99.0045,12.339,0.777,71.875,1.737,15.051,17.477,68.4522,69.2,16.4,19.8,34.7,69.6,30.2,34.0,5,113.252,94.4993,18.7531,0.88,71.875,1.361,49.102,29.931,67.9793,69.1,18.7,28.2,40.9,68.9,33.8,31.9,1
4,111.125,94.9328,16.1924,0.859,81.81818,1.54,69.338,29.027,63.7514,64.6,18.4,17.3,29.2,69.6,38.2,37.2,13,106.629,95.6594,10.9697,0.775,83.33333,1.324,14.341,11.044,62.1996,63.2,19.1,18.6,35.0,72.4,33.4,38.1,0
13,106.629,95.6594,10.9697,0.775,83.33333,1.324,14.341,11.044,62.1996,63.2,19.1,18.6,35.0,72.4,33.4,38.1,4,111.125,94.9328,16.1924,0.859,81.81818,1.54,69.338,29.027,63.7514,64.6,18.4,17.3,29.2,69.6,38.2,37.2,1
6,110.554,90.9269,19.6267,0.899,68.75,1.934,52.49,31.075,63.0408,64.1,17.4,19.3,35.5,75.1,29.0,35.8,11,112.877,92.759,20.1184,0.9,60.60606,1.625,72.06,31.601,61.7245,62.9,20.0,14.2,38.0,71.0,34.0,33.9,0
11,112.877,92.759,20.1184,0.9,60.60606,1.625,72.06,31.601,61.7245,62.9,20.0,14.2,38.0,71.0,34.0,33.9,6,110.554,90.9269,19.6267,0.899,68.75,1.934,52.49,31.075,63.0408,64.1,17.4,19.3,35.5,75.1,29.0,35.8,1
3,124.623,100.552,24.0703,0.927,85.29412,1.767,78.911,30.379,63.2851,64.1,14.4,17.4,28.1,68.4,38.6,39.2,14,107.892,103.071,4.82045,0.653,67.64706,1.913,9.221,12.624,63.0556,63.7,21.4,15.6,29.6,74.4,30.8,38.8,0
14,107.892,103.071,4.82045,0.653,67.64706,1.913,9.221,12.624,63.0556,63.7,21.4,15.6,29.6,74.4,30.8,38.8,3,124.623,100.552,24.0703,0.927,85.29412,1.767,78.911,30.379,63.2851,64.1,14.4,17.4,28.1,68.4,38.6,39.2,1
7,114.962,93.3065,21.6555,0.925,87.09677,1.835,11.93,18.668,61.4547,62.2,15.2,21.6,34.8,73.0,35.3,35.9,10,119.285,105.478,13.8074,0.833,60.60606,0.981,74.203,28.304,66.0482,67.1,17.1,16.1,35.3,68.7,39.6,40.3,0
10,119.285,105.478,13.8074,0.833,60.60606,0.981,74.203,28.304,66.0482,67.1,17.1,16.1,35.3,68.7,39.6,40.3,7,114.962,93.3065,21.6555,0.925,87.09677,1.835,11.93,18.668,61.4547,62.2,15.2,21.6,34.8,73.0,35.3,35.9,1
2,114.271,90.5293,23.7421,0.926,76.47059,0.974,83.717,37.228,66.6617,67.3,19.1,17.5,34.9,68.2,28.3,37.5,15,106.825,99.8197,7.0055,0.672,67.74194,1.627,9.776,12.832,62.9742,64.2,21.9,20.5,39.5,69.3,25.3,36.3,0
15,106.825,99.8197,7.0055,0.672,67.74194,1.627,9.776,12.832,62.9742,64.2,21.9,20.5,39.5,69.3,25.3,36.3,2,114.271,90.5293,23.7421,0.926,76.47059,0.974,83.717,37.228,66.6617,67.3,19.1,17.5,34.9,68.2,28.3,37.5,1
1,126.815,93.2904,33.5251,0.974,91.17647,2.077,67.699,30.284,58.0767,59.3,12.4,16.7,31.9,76.3,37.0,35.7,16,105.424,103.803,1.6211,0.539,68.96552,1.931,0.439,9.135,63.6717,63.9,17.8,17.0,35.2,72.4,34.2,35.4,0
16,105.424,103.803,1.6211,0.539,68.96552,1.931,0.439,9.135,63.6717,63.9,17.8,17.0,35.2,72.4,34.2,35.4,1,126.815,93.2904,33.5251,0.974,91.17647,2.077,67.699,30.284,58.0767,59.3,12.4,16.7,31.9,76.3,37.0,35.7,1
8,114.457,101.273,13.1844,0.806,72.72727,1.384,54.645,26.458,66.1195,66.9,17.0,16.8,30.6,68.3,33.9,36.7,9,111.825,95.6458,16.1789,0.843,56.66667,1.99,49.866,32.538,62.7105,63.9,18.6,21.2,26.9,66.9,38.5,34.6,0
9,111.825,95.6458,16.1789,0.843,56.66667,1.99,49.866,32.538,62.7105,63.9,18.6,21.2,26.9,66.9,38.5,34.6,8,114.457,101.273,13.1844,0.806,72.72727,1.384,54.645,26.458,66.1195,66.9,17.0,16.8,30.6,68.3,33.9,36.7,1
5,114.941,97.964,16.9767,0.857,76.47059,1.74,61.527,25.539,69.1346,70.1,16.6,22.6,35.6,65.8,31.1,35.0,12,104.909,98.5115,6.39782,0.648,81.25,1.986,1.842,14.245,60.5424,61.5,17.3,20.1,29.3,72.3,32.9,37.1,0
12,104.909,98.5115,6.39782,0.648,81.25,1.986,1.842,14.245,60.5424,61.5,17.3,20.1,29.3,72.3,32.9,37.1,5,114.941,97.964,16.9767,0.857,76.47059,1.74,61.527,25.539,69.1346,70.1,16.6,22.6,35.6,65.8,31.1,35.0,1
4,117.921,94.1249,23.7959,0.95,68.57143,1.309,89.438,38.128,69.0232,70.2,18.2,17.8,39.9,69.5,22.6,34.5,13,103.686,94.9442,8.74154,0.696,74.07407,2.196,32.039,14.711,61.137,61.8,18.7,19.9,32.3,72.2,26.5,34.1,0
13,103.686,94.9442,8.74154,0.696,74.07407,2.196,32.039,14.711,61.137,61.8,18.7,19.9,32.3,72.2,26.5,34.1,4,117.921,94.1249,23.7959,0.95,68.57143,1.309,89.438,38.128,69.0232,70.2,18.2,17.8,39.9,69.5,22.6,34.5,1
6,115.283,96.6313,18.6517,0.886,61.76471,1.566,55.641,30.82,65.1714,66.0,18.0,19.2,31.3,72.9,32.8,34.9,11,114.568,100.141,14.4267,0.816,62.5,2.28,46.963,25.591,65.6482,66.4,16.9,18.9,35.0,68.3,33.1,33.8,0
11,114.568,100.141,14.4267,0.816,62.5,2.28,46.963,25.591,65.6482,66.4,16.9,18.9,35.0,68.3,33.1,33.8,6,115.283,96.6313,18.6517,0.886,61.76471,1.566,55.641,30.82,65.1714,66.0,18.0,19.2,31.3,72.9,32.8,34.9,1
3,117.192,93.7123,23.4796,0.927,71.875,1.871,33.696,31.828,61.2742,62.2,19.6,19.6,41.8,68.3,33.2,38.2,14,110.463,100.687,9.77537,0.764,71.875,2.178,39.26,13.113,62.5745,63.5,16.5,22.8,30.5,65.5,27.4,31.9,1
14,110.463,100.687,9.77537,0.764,71.875,2.178,39.26,13.113,62.5745,63.5,16.5,22.8,30.5,65.5,27.4,31.9,3,117.192,93.7123,23.4796,0.927,71.875,1.871,33.696,31.828,61.2742,62.2,19.6,19.6,41.8,68.3,33.2,38.2,0
7,110.62,94.1043,16.5157,0.848,74.28571,1.389,40.345,24.351,66.5049,67.4,15.7,23.8,31.7,69.2,39.9,34.2,10,115.312,94.3058,21.0066,0.916,69.69697,1.599,88.173,28.047,65.1703,66.6,17.0,22.1,34.1,68.6,32.1,37.2,1
10,115.312,94.3058,21.0066,0.916,69.69697,1.599,88.173,28.047,65.1703,66.6,17.0,22.1,34.1,68.6,32.1,37.2,7,110.62,94.1043,16.5157,0.848,74.28571,1.389,40.345,24.351,66.5049,67.4,15.7,23.8,31.7,69.2,39.9,34.2,0
2,118.227,85.9123,32.3143,0.965,91.17647,1.481,82.563,24.455,65.5943,66.9,16.7,21.1,34.1,77.7,25.8,36.0,15,103.049,106.918,-3.8688,0.36,64.70588,2.325,5.896,17.067,62.9114,63.7,19.9,18.7,34.0,65.8,31.4,32.0,0
15,103.049,106.918,-3.8688,0.36,64.70588,2.325,5.896,17.067,62.9114,63.7,19.9,18.7,34.0,65.8,31.4,32.0,2,118.227,85.9123,32.3143,0.965,91.17647,1.481,82.563,24.455,65.5943,66.9,16.7,21.1,34.1,77.7,25.8,36.0,1
1,122.473,91.5163,30.9562,0.961,94.11765,1.885,67.053,27.643,63.8347,64.8,16.6,21.7,32.7,68.9,43.0,38.9,16,112.691,114.45,-1.75874,0.421,61.29032,2.091,0.994,11.111,64.3104,65.2,16.9,16.9,27.6,65.6,35.4,41.4,0
16,112.691,114.45,-1.75874,0.421,61.29032,2.091,0.994,11.111,64.3104,65.2,16.9,16.9,27.6,65.6,35.4,41.4,1,122.473,91.5163,30.9562,0.961,94.11765,1.885,67.053,27.643,63.8347,64.8,16.6,21.7,32.7,68.9,43.0,38.9,1
8,114.001,98.6377,15.3629,0.852,60.60606,1.343,79.763,32.14,63.8463,64.9,16.2,15.4,34.1,69.5,32.4,36.1,9,108.743,94.7996,13.9432,0.823,68.75,1.072,58.994,22.949,69.0966,70.3,20.5,19.2,34.0,67.0,28.5,33.9,0
9,108.743,94.7996,13.9432,0.823,68.75,1.072,58.994,22.949,69.0966,70.3,20.5,19.2,34.0,67.0,28.5,33.9,8,114.001,98.6377,15.3629,0.852,60.60606,1.343,79.763,32.14,63.8463,64.9,16.2,15.4,34.1,69.5,32.4,36.1,1
5,115.17,94.2192,20.9503,0.92,90.90909,2.165,47.901,17.742,58.014,58.5,18.0,19.3,26.9,73.1,40.0,39.7,12,104.478,98.0741,6.40364,0.642,71.875,2.321,11.536,16.07,58.648,59.1,18.7,18.1,22.1,73.1,39.7,32.3,0
12,104.478,98.0741,6.40364,0.642,71.875,2.321,11.536,16.07,58.648,59.1,18.7,18.1,22.1,73.1,39.7,32.3,5,115.17,94.2192,20.9503,0.92,90.90909,2.165,47.901,17.742,58.014,58.5,18.0,19.3,26.9,73.1,40.0,39.7,1
4,108.601,88.176,20.4245,0.926,75.0,1.458,79.783,32.346,64.8006,66.0,17.8,21.8,35.1,69.1,32.6,30.4,13,105.818,98.9592,6.85898,0.706,61.29032,2.025,7.799,16.828,63.3775,64.1,18.0,17.3,29.8,69.3,30.5,38.3,0
13,105.818,98.9592,6.85898,0.706,61.29032,2.025,7.799,16.828,63.3775,64.1,18.0,17.3,29.8,69.3,30.5,38.3,4,108.601,88.176,20.4245,0.926,75.0,1.458,79.783,32.346,64.8006,66.0,17.8,21.8,35.1,69.1,32.6,30.4,1
6,112.954,95.3871,17.5673,0.88,66.66667,1.423,63.346,33.586,64.8656,65.8,17.9,19.7,35.3,70.5,28.4,31.0,11,108.983,95.0972,13.8856,0.792,75.75758,1.54,46.592,18.021,63.3147,64.0,17.8,21.1,24.2,72.0,37.4,35.1,1
11,108.983,95.0972,13.8856,0.792,75.75758,1.54,46.592,18.021,63.3147,64.0,17.8,21.1,24.2,72.0,37.4,35.1,6,112.954,95.3871,17.5673,0.88,66.66667,1.423,63.346,33.586,64.8656,65.8,17.9,19.7,35.3,70.5,28.4,31.0,0
3,111.785,87.6854,24.1001,0.935,68.75,1.824,58.549,33.364,66.9861,68.1,17.7,20.2,30.9,68.5,33.6,34.3,14,106.463,103.431,3.03231,0.572,75.0,1.654,0.2,9.985,60.7359,61.5,19.0,20.3,32.5,74.5,34.1,36.0,0
14,106.463,103.431,3.03231,0.572,75.0,1.654,0.2,9.985,60.7359,61.5,19.0,20.3,32.5,74.5,34.1,36.0,3,111.785,87.6854,24.1001,0.935,68.75,1.824,58.549,33.364,66.9861,68.1,17.7,20.2,30.9,68.5,33.6,34.3,1
7,115.973,95.052,20.9213,0.922,67.64706,1.848,62.703,31.101,62.8407,64.1,17.9,17.0,34.6,74.0,34.7,38.6,10,109.524,94.1302,15.3937,0.842,65.625,1.866,57.857,28.552,63.6563,64.7,19.3,16.8,32.3,71.1,31.3,34.4,0
10,109.524,94.1302,15.3937,0.842,65.625,1.866,57.857,28.552,63.6563,64.7,19.3,16.8,32.3,71.1,31.3,34.4,7,115.973,95.052,20.9213,0.922,67.64706,1.848,62.703,31.101,62.8407,64.1,17.9,17.0,34.6,74.0,34.7,38.6,1
2,115.318,84.4292,30.8885,0.972,90.625,1.652,73.465,30.179,57.5332,58.3,16.1,18.1,34.0,75.7,27.3,36.1,15,109.115,107.619,1.49515,0.522,67.74194,1.468,19.383,11.943,66.5706,67.5,20.3,18.7,29.2,70.5,48.0,37.9,0
15,109.115,107.619,1.49515,0.522,67.74194,1.468,19.383,11.943,66.5706,67.5,20.3,18.7,29.2,70.5,48.0,37.9,2,115.318,84.4292,30.8885,0.972,90.625,1.652,73.465,30.179,57.5332,58.3,16.1,18.1,34.0,75.7,27.3,36.1,1
1,124.253,94.9453,29.3074,0.966,87.87879,1.062,95.491,33.93,65.6368,66.8,16.8,18.7,37.4,69.9,34.5,38.6,16,102.327,103.869,-1.54229,0.421,57.57576,1.491,0.888,11.81,65.0415,66.1,20.5,21.7,31.2,64.2,30.9,38.0,0
16,102.327,103.869,-1.54229,0.421,57.57576,1.491,0.888,11.81,65.0415,66.1,20.5,21.7,31.2,64.2,30.9,38.0,1,124.253,94.9453,29.3074,0.966,87.87879,1.062,95.491,33.93,65.6368,66.8,16.8,18.7,37.4,69.9,34.5,38.6,1
8,104.401,88.1829,16.2186,0.87,75.75758,1.819,55.636,19.89,59.9465,61.2,18.6,21.5,35.9,69.8,30.5,32.1,9,110.125,95.8018,14.3233,0.857,64.51613,2.382,73.416,32.181,66.1943,66.9,15.7,19.5,27.8,64.6,30.5,35.1,0
9,110.125,95.8018,14.3233,0.857,64.51613,2.382,73.416,32.181,66.1943,66.9,15.7,19.5,27.8,64.6,30.5,35.1,8,104.401,88.1829,16.2186,0.87,75.75758,1.819,55.636,19.89,59.9465,61.2,18.6,21.5,35.9,69.8,30.5,32.1,1
5,116.433,89.5299,26.9035,0.951,74.19355,1.554,27.543,27.56,60.3923,61.5,17.8,18.3,31.3,71.9,37.8,40.2,12,114.494,100.484,14.0106,0.801,86.66667,1.923,0.2,12.66,65.2365,66.5,20.3,24.4,37.7,70.1,36.2,38.1,0
12,114.494,100.484,14.0106,0.801,86.66667,1.923,0.2,12.66,65.2365,66.5,20.3,24.4,37.7,70.1,36.2,38.1,5,116.433,89.5299,26.9035,0.951,74.19355,1.554,27.543,27.56,60.3923,61.5,17.8,18.3,31.3,71.9,37.8,40.2,1
4,113.166,93.597,19.5694,0.887,67.74194,1.639,84.19,32.914,63.7582,64.7,19.2,20.6,34.3,68.7,31.6,34.7,13,112.165,109.197,2.96737,0.586,74.19355,1.901,0.557,12.026,67.9604,68.6,15.9,17.7,29.3,69.4,43.2,39.6,0
13,112.165,109.197,2.96737,0.586,74.19355,1.901,0.557,12.026,67.9604,68.6,15.9,17.7,29.3,69.4,43.2,39.6,4,113.166,93.597,19.5694,0.887,67.74194,1.639,84.19,32.914,63.7582,64.7,19.2,20.6,34.3,68.7,31.6,34.7,1
6,113.524,95.4867,18.0372,0.867,81.25,1.991,51.046,20.21,62.8424,63.7,19.7,20.0,36.9,70.7,22.9,36.0,11,112.266,98.1315,14.1346,0.813,60.60606,1.187,74.717,29.935,65.4935,66.9,17.5,18.5,33.8,71.9,29.3,36.3,1
11,112.266,98.1315,14.1346,0.813,60.60606,1.187,74.717,29.935,65.4935,66.9,17.5,18.5,33.8,71.9,29.3,36.3,6,113.524,95.4867,18.0372,0.867,81.25,1.991,51.046,20.21,62.8424,63.7,19.7,20.0,36.9,70.7,22.9,36.0,0
3,120.166,97.135,23.031,0.909,75.75758,1.984,43.965,33.687,69.3108,69.9,15.8,18.5,28.5,70.8,36.8,36.6,14,104.585,101.758,2.82779,0.54,54.54545,0.971,31.578,16.263,64.4025,65.4,20.4,19.8,34.0,66.9,29.9,33.2,1
14,104.585,101.758,2.82779,0.54,54.54545,0.971,31.578,16.263,64.4025,65.4,20.4,19.8,34.0,66.9,29.9,33.2,3,120.166,97.135,23.031,0.909,75.75758,1.984,43.965,33.687,69.3108,69.9,15.8,18.5,28.5,70.8,36.8,36.6,0
7,113.359,95.1085,18.251,0.909,65.625,2.113,58.944,30.508,63.3054,64.6,17.4,19.3,35.8,69.5,30.7,33.2,10,120.481,103.662,16.8188,0.853,76.66667,1.323,6.209,20.72,66.5178,67.3,14.3,17.3,29.8,69.9,45.7,39.3,0
10,120.481,103.662,16.8188,0.853,76.66667,1.323,6.209,20.72,66.5178,67.3,14.3,17.3,29.8,69.9,45.7,39.3,7,113.359,95.1085,18.251,0.909,65.625,2.113,58.944,30.508,63.3054,64.6,17.4,19.3,35.8,69.5,30.7,33.2,1
2,121.92,92.9958,28.9239,0.952,93.93939,2.111,61.37,20.733,64.2083,65.1,16.3,17.6,33.9,71.4,32.1,40.8,15,102.68,102.079,0.601364,0.489,70.0,1.33,4.013,11.808,60.2617,61.2,15.9,16.6,26.5,76.6,35.4,37.8,0
15,102.68,102.079,0.601364,0.489,70.0,1.33,4.013,11.808,60.2617,61.2,15.9,16.6,26.5,76.6,35.4,37.8,2,121.92,92.9958,28.9239,0.952,93.93939,2.111,61.37,20.733,64.2083,65.1,16.3,17.6,33.9,71.4,32.1,40.8,1
1,121.27,83.8367,37.4333,0.983,100.0,0.732,95.498,27.097,61.9696,63.5,16.4,21.8,40.4,68.4,28.1,35.0,8,108.353,94.1045,14.2488,0.833,68.75,1.474,58.388,18.539,59.2099,60.2,21.3,20.3,37.3,68.3,30.6,33.3,0
8,108.353,94.1045,14.2488,0.833,68.75,1.474,58.388,18.539,59.2099,60.2,21.3,20.3,37.3,68.3,30.6,33.3,1,121.27,83.8367,37.4333,0.983,100.0,0.732,95.498,27.097,61.9696,63.5,16.4,21.8,40.4,68.4,28.1,35.0,1
5,113.252,94.4993,18.7531,0.88,71.875,1.361,49.102,29.931,67.9793,69.1,18.7,28.2,40.9,68.9,33.8,31.9,4,111.125,94.9328,16.1924,0.859,81.81818,1.54,69.338,29.027,63.7514,64.6,18.4,17.3,29.2,69.6,38.2,37.2,0
4,111.125,94.9328,16.1924,0.859,81.81818,1.54,69.338,29.027,63.7514,64.6,18.4,17.3,29.2,69.6,38.2,37.2,5,113.252,94.4993,18.7531,0.88,71.875,1.361,49.102,29.931,67.9793,69.1,18.7,28.2,40.9,68.9,33.8,31.9,1
6,110.554,90.9269,19.6267,0.899,68.75,1.934,52.49,31.075,63.0408,64.1,17.4,19.3,35.5,75.1,29.0,35.8,3,124.623,100.552,24.0703,0.927,85.29412,1.767,78.911,30.379,63.2851,64.1,14.4,17.4,28.1,68.4,38.6,39.2,1
3,124.623,100.552,24.0703,0.927,85.29412,1.767,78.911,30.379,63.2851,64.1,14.4,17.4,28.1,68.4,38.6,39.2,6,110.554,90.9269,19.6267,0.899,68.75,1.934,52.49,31.075,63.0408,64.1,17.4,19.3,35.5,75.1,29.0,35.8,0
7,114.962,93.3065,21.6555,0.925,87.09677,1.835,11.93,18.668,61.4547,62.2,15.2,21.6,34.8,73.0,35.3,35.9,2,114.271,90.5293,23.7421,0.926,76.47059,0.974,83.717,37.228,66.6617,67.3,19.1,17.5,34.9,68.2,28.3,37.5,0
2,114.271,90.5293,23.7421,0.926,76.47059,0.974,83.717,37.228,66.6617,67.3,19.1,17.5,34.9,68.2,28.3,37.5,7,114.962,93.3065,21.6555,0.925,87.09677,1.835,11.93,18.668,61.4547,62.2,15.2,21.6,34.8,73.0,35.3,35.9,1
1,126.815,93.2904,33.5251,0.974,91.17647,2.077,67.699,30.284,58.0767,59.3,12.4,16.7,31.9,76.3,37.0,35.7,8,114.457,101.273,13.1844,0.806,72.72727,1.384,54.645,26.458,66.1195,66.9,17.0,16.8,30.6,68.3,33.9,36.7,0
8,114.457,101.273,13.1844,0.806,72.72727,1.384,54.645,26.458,66.1195,66.9,17.0,16.8,30.6,68.3,33.9,36.7,1,126.815,93.2904,33.5251,0.974,91.17647,2.077,67.699,30.284,58.0767,59.3,12.4,16.7,31.9,76.3,37.0,35.7,1
5,114.941,97.964,16.9767,0.857,76.47059,1.74,61.527,25.539,69.1346,70.1,16.6,22.6,35.6,65.8,31.1,35.0,4,117.921,94.1249,23.7959,0.95,68.57143,1.309,89.438,38.128,69.0232,70.2,18.2,17.8,39.9,69.5,22.6,34.5,1
4,117.921,94.1249,23.7959,0.95,68.57143,1.309,89.438,38.128,69.0232,70.2,18.2,17.8,39.9,69.5,22.6,34.5,5,114.941,97.964,16.9767,0.857,76.47059,1.74,61.527,25.539,69.1346,70.1,16.6,22.6,35.6,65.8,31.1,35.0,0
6,115.283,96.6313,18.6517,0.886,61.76471,1.566,55.641,30.82,65.1714,66.0,18.0,19.2,31.3,72.9,32.8,34.9,14,110.463,100.687,9.77537,0.764,71.875,2.178,39.26,13.113,62.5745,63.5,16.5,22.8,30.5,65.5,27.4,31.9,0
14,110.463,100.687,9.77537,0.764,71.875,2.178,39.26,13.113,62.5745,63.5,16.5,22.8,30.5,65.5,27.4,31.9,6,115.283,96.6313,18.6517,0.886,61.76471,1.566,55.641,30.82,65.1714,66.0,18.0,19.2,31.3,72.9,32.8,34.9,1
10,115.312,94.3058,21.0066,0.916,69.69697,1.599,88.173,28.047,65.1703,66.6,17.0,22.1,34.1,68.6,32.1,37.2,2,118.227,85.9123,32.3143,0.965,91.17647,1.481,82.563,24.455,65.5943,66.9,16.7,21.1,34.1,77.7,25.8,36.0,1
2,118.227,85.9123,32.3143,0.965,91.17647,1.481,82.563,24.455,65.5943,66.9,16.7,21.1,34.1,77.7,25.8,36.0,10,115.312,94.3058,21.0066,0.916,69.69697,1.599,88.173,28.047,65.1703,66.6,17.0,22.1,34.1,68.6,32.1,37.2,0
1,122.473,91.5163,30.9562,0.961,94.11765,1.885,67.053,27.643,63.8347,64.8,16.6,21.7,32.7,68.9,43.0,38.9,8,114.001,98.6377,15.3629,0.852,60.60606,1.343,79.763,32.14,63.8463,64.9,16.2,15.4,34.1,69.5,32.4,36.1,1
8,114.001,98.6377,15.3629,0.852,60.60606,1.343,79.763,32.14,63.8463,64.9,16.2,15.4,34.1,69.5,32.4,36.1,1,122.473,91.5163,30.9562,0.961,94.11765,1.885,67.053,27.643,63.8347,64.8,16.6,21.7,32.7,68.9,43.0,38.9,0
5,115.17,94.2192,20.9503,0.92,90.90909,2.165,47.901,17.742,58.014,58.5,18.0,19.3,26.9,73.1,40.0,39.7,4,108.601,88.176,20.4245,0.926,75.0,1.458,79.783,32.346,64.8006,66.0,17.8,21.8,35.1,69.1,32.6,30.4,1
4,108.601,88.176,20.4245,0.926,75.0,1.458,79.783,32.346,64.8006,66.0,17.8,21.8,35.1,69.1,32.6,30.4,5,115.17,94.2192,20.9503,0.92,90.90909,2.165,47.901,17.742,58.014,58.5,18.0,19.3,26.9,73.1,40.0,39.7,0
11,108.983,95.0972,13.8856,0.792,75.75758,1.54,46.592,18.021,63.3147,64.0,17.8,21.1,24.2,72.0,37.4,35.1,3,111.785,87.6854,24.1001,0.935,68.75,1.824,58.549,33.364,66.9861,68.1,17.7,20.2,30.9,68.5,33.6,34.3,1
3,111.785,87.6854,24.1001,0.935,68.75,1.824,58.549,33.364,66.9861,68.1,17.7,20.2,30.9,68.5,33.6,34.3,11,108.983,95.0972,13.8856,0.792,75.75758,1.54,46.592,18.021,63.3147,64.0,17.8,21.1,24.2,72.0,37.4,35.1,0
7,115.973,95.052,20.9213,0.922,67.64706,1.848,62.703,31.101,62.8407,64.1,17.9,17.0,34.6,74.0,34.7,38.6,2,115.318,84.4292,30.8885,0.972,90.625,1.652,73.465,30.179,57.5332,58.3,16.1,18.1,34.0,75.7,27.3,36.1,0
2,115.318,84.4292,30.8885,0.972,90.625,1.652,73.465,30.179,57.5332,58.3,16.1,18.1,34.0,75.7,27.3,36.1,7,115.973,95.052,20.9213,0.922,67.64706,1.848,62.703,31.101,62.8407,64.1,17.9,17.0,34.6,74.0,34.7,38.6,1
1,124.253,94.9453,29.3074,0.966,87.87879,1.062,95.491,33.93,65.6368,66.8,16.8,18.7,37.4,69.9,34.5,38.6,8,104.401,88.1829,16.2186,0.87,75.75758,1.819,55.636,19.89,59.9465,61.2,18.6,21.5,35.9,69.8,30.5,32.1,0
8,104.401,88.1829,16.2186,0.87,75.75758,1.819,55.636,19.89,59.9465,61.2,18.6,21.5,35.9,69.8,30.5,32.1,1,124.253,94.9453,29.3074,0.966,87.87879,1.062,95.491,33.93,65.6368,66.8,16.8,18.7,37.4,69.9,34.5,38.6,1
5,116.433,89.5299,26.9035,0.951,74.19355,1.554,27.543,27.56,60.3923,61.5,17.8,18.3,31.3,71.9,37.8,40.2,4,113.166,93.597,19.5694,0.887,67.74194,1.639,84.19,32.914,63.7582,64.7,19.2,20.6,34.3,68.7,31.6,34.7,0
4,113.166,93.597,19.5694,0.887,67.74194,1.639,84.19,32.914,63.7582,64.7,19.2,20.6,34.3,68.7,31.6,34.7,5,116.433,89.5299,26.9035,0.951,74.19355,1.554,27.543,27.56,60.3923,61.5,17.8,18.3,31.3,71.9,37.8,40.2,1
11,112.266,98.1315,14.1346,0.813,60.60606,1.187,74.717,29.935,65.4935,66.9,17.5,18.5,33.8,71.9,29.3,36.3,14,104.585,101.758,2.82779,0.54,54.54545,0.971,31.578,16.263,64.4025,65.4,20.4,19.8,34.0,66.9,29.9,33.2,0
14,104.585,101.758,2.82779,0.54,54.54545,0.971,31.578,16.263,64.4025,65.4,20.4,19.8,34.0,66.9,29.9,33.2,11,112.266,98.1315,14.1346,0.813,60.60606,1.187,74.717,29.935,65.4935,66.9,17.5,18.5,33.8,71.9,29.3,36.3,1
7,113.359,95.1085,18.251,0.909,65.625,2.113,58.944,30.508,63.3054,64.6,17.4,19.3,35.8,69.5,30.7,33.2,2,121.92,92.9958,28.9239,0.952,93.93939,2.111,61.37,20.733,64.2083,65.1,16.3,17.6,33.9,71.4,32.1,40.8,1
2,121.92,92.9958,28.9239,0.952,93.93939,2.111,61.37,20.733,64.2083,65.1,16.3,17.6,33.9,71.4,32.1,40.8,7,113.359,95.1085,18.251,0.909,65.625,2.113,58.944,30.508,63.3054,64.6,17.4,19.3,35.8,69.5,30.7,33.2,0
1,121.27,83.8367,37.4333,0.983,100.0,0.732,95.498,27.097,61.9696,63.5,16.4,21.8,40.4,68.4,28.1,35.0,5,113.252,94.4993,18.7531,0.88,71.875,1.361,49.102,29.931,67.9793,69.1,18.7,28.2,40.9,68.9,33.8,31.9,0
5,113.252,94.4993,18.7531,0.88,71.875,1.361,49.102,29.931,67.9793,69.1,18.7,28.2,40.9,68.9,33.8,31.9,1,121.27,83.8367,37.4333,0.983,100.0,0.732,95.498,27.097,61.9696,63.5,16.4,21.8,40.4,68.4,28.1,35.0,1
3,124.623,100.552,24.0703,0.927,85.29412,1.767,78.911,30.379,63.2851,64.1,14.4,17.4,28.1,68.4,38.6,39.2,7,114.962,93.3065,21.6555,0.925,87.09677,1.835,11.93,18.668,61.4547,62.2,15.2,21.6,34.8,73.0,35.3,35.9,0
7,114.962,93.3065,21.6555,0.925,87.09677,1.835,11.93,18.668,61.4547,62.2,15.2,21.6,34.8,73.0,35.3,35.9,3,124.623,100.552,24.0703,0.927,85.29412,1.767,78.911,30.379,63.2851,64.1,14.4,17.4,28.1,68.4,38.6,39.2,1
1,126.815,93.2904,33.5251,0.974,91.17647,2.077,67.699,30.284,58.0767,59.3,12.4,16.7,31.9,76.3,37.0,35.7,4,117.921,94.1249,23.7959,0.95,68.57143,1.309,89.438,38.128,69.0232,70.2,18.2,17.8,39.9,69.5,22.6,34.5,0
4,117.921,94.1249,23.7959,0.95,68.57143,1.309,89.438,38.128,69.0232,70.2,18.2,17.8,39.9,69.5,22.6,34.5,1,126.815,93.2904,33.5251,0.974,91.17647,2.077,67.699,30.284,58.0767,59.3,12.4,16.7,31.9,76.3,37.0,35.7,1
6,115.283,96.6313,18.6517,0.886,61.76471,1.566,55.641,30.82,65.1714,66.0,18.0,19.2,31.3,72.9,32.8,34.9,2,118.227,85.9123,32.3143,0.965,91.17647,1.481,82.563,24.455,65.5943,66.9,16.7,21.1,34.1,77.7,25.8,36.0,1
2,118.227,85.9123,32.3143,0.965,91.17647,1.481,82.563,24.455,65.5943,66.9,16.7,21.1,34.1,77.7,25.8,36.0,6,115.283,96.6313,18.6517,0.886,61.76471,1.566,55.641,30.82,65.1714,66.0,18.0,19.2,31.3,72.9,32.8,34.9,0
8,114.001,98.6377,15.3629,0.852,60.60606,1.343,79.763,32.14,63.8463,64.9,16.2,15.4,34.1,69.5,32.4,36.1,4,108.601,88.176,20.4245,0.926,75.0,1.458,79.783,32.346,64.8006,66.0,17.8,21.8,35.1,69.1,32.6,30.4,1
4,108.601,88.176,20.4245,0.926,75.0,1.458,79.783,32.346,64.8006,66.0,17.8,21.8,35.1,69.1,32.6,30.4,8,114.001,98.6377,15.3629,0.852,60.60606,1.343,79.763,32.14,63.8463,64.9,16.2,15.4,34.1,69.5,32.4,36.1,0
3,111.785,87.6854,24.1001,0.935,68.75,1.824,58.549,33.364,66.9861,68.1,17.7,20.2,30.9,68.5,33.6,34.3,7,115.973,95.052,20.9213,0.922,67.64706,1.848,62.703,31.101,62.8407,64.1,17.9,17.0,34.6,74.0,34.7,38.6,1
7,115.973,95.052,20.9213,0.922,67.64706,1.848,62.703,31.101,62.8407,64.1,17.9,17.0,34.6,74.0,34.7,38.6,3,111.785,87.6854,24.1001,0.935,68.75,1.824,58.549,33.364,66.9861,68.1,17.7,20.2,30.9,68.5,33.6,34.3,0
1,124.253,94.9453,29.3074,0.966,87.87879,1.062,95.491,33.93,65.6368,66.8,16.8,18.7,37.4,69.9,34.5,38.6,5,116.433,89.5299,26.9035,0.951,74.19355,1.554,27.543,27.56,60.3923,61.5,17.8,18.3,31.3,71.9,37.8,40.2,0
5,116.433,89.5299,26.9035,0.951,74.19355,1.554,27.543,27.56,60.3923,61.5,17.8,18.3,31.3,71.9,37.8,40.2,1,124.253,94.9453,29.3074,0.966,87.87879,1.062,95.491,33.93,65.6368,66.8,16.8,18.7,37.4,69.9,34.5,38.6,1
11,112.266,98.1315,14.1346,0.813,60.60606,1.187,74.717,29.935,65.4935,66.9,17.5,18.5,33.8,71.9,29.3,36.3,2,121.92,92.9958,28.9239,0.952,93.93939,2.111,61.37,20.733,64.2083,65.1,16.3,17.6,33.9,71.4,32.1,40.8,1
2,121.92,92.9958,28.9239,0.952,93.93939,2.111,61.37,20.733,64.2083,65.1,16.3,17.6,33.9,71.4,32.1,40.8,11,112.266,98.1315,14.1346,0.813,60.60606,1.187,74.717,29.935,65.4935,66.9,17.5,18.5,33.8,71.9,29.3,36.3,0
1,121.27,83.8367,37.4333,0.983,100.0,0.732,95.498,27.097,61.9696,63.5,16.4,21.8,40.4,68.4,28.1,35.0,3,124.623,100.552,24.0703,0.927,85.29412,1.767,78.911,30.379,63.2851,64.1,14.4,17.4,28.1,68.4,38.6,39.2,0
3,124.623,100.552,24.0703,0.927,85.29412,1.767,78.911,30.379,63.2851,64.1,14.4,17.4,28.1,68.4,38.6,39.2,1,121.27,83.8367,37.4333,0.983,100.0,0.732,95.498,27.097,61.9696,63.5,16.4,21.8,40.4,68.4,28.1,35.0,1
1,126.815,93.2904,33.5251,0.974,91.17647,2.077,67.699,30.284,58.0767,59.3,12.4,16.7,31.9,76.3,37.0,35.7,2,118.227,85.9123,32.3143,0.965,91.17647,1.481,82.563,24.455,65.5943,66.9,16.7,21.1,34.1,77.7,25.8,36.0,0
2,118.227,85.9123,32.3143,0.965,91.17647,1.481,82.563,24.455,65.5943,66.9,16.7,21.1,34.1,77.7,25.8,36.0,1,126.815,93.2904,33.5251,0.974,91.17647,2.077,67.699,30.284,58.0767,59.3,12.4,16.7,31.9,76.3,37.0,35.7,1
4,108.601,88.176,20.4245,0.926,75.0,1.458,79.783,32.346,64.8006,66.0,17.8,21.8,35.1,69.1,32.6,30.4,7,115.973,95.052,20.9213,0.922,67.64706,1.848,62.703,31.101,62.8407,64.1,17.9,17.0,34.6,74.0,34.7,38.6,1
7,115.973,95.052,20.9213,0.922,67.64706,1.848,62.703,31.101,62.8407,64.1,17.9,17.0,34.6,74.0,34.7,38.6,4,108.601,88.176,20.4245,0.926,75.0,1.458,79.783,32.346,64.8006,66.0,17.8,21.8,35.1,69.1,32.6,30.4,0
1,124.253,94.9453,29.3074,0.966,87.87879,1.062,95.491,33.93,65.6368,66.8,16.8,18.7,37.4,69.9,34.5,38.6,2,121.92,92.9958,28.9239,0.952,93.93939,2.111,61.37,20.733,64.2083,65.1,16.3,17.6,33.9,71.4,32.1,40.8,0
2,121.92,92.9958,28.9239,0.952,93.93939,2.111,61.37,20.733,64.2083,65.1,16.3,17.6,33.9,71.4,32.1,40.8,1,124.253,94.9453,29.3074,0.966,87.87879,1.062,95.491,33.93,65.6368,66.8,16.8,18.7,37.4,69.9,34.5,38.6,1
1,121.27,83.8367,37.4333,0.983,100.0,0.732,95.498,27.097,61.9696,63.5,16.4,21.8,40.4,68.4,28.1,35.0,1,126.815,93.2904,33.5251,0.974,91.17647,2.077,67.699,30.284,58.0767,59.3,12.4,16.7,31.9,76.3,37.0,35.7,1
1,126.815,93.2904,33.5251,0.974,91.17647,2.077,67.699,30.284,58.0767,59.3,12.4,16.7,31.9,76.3,37.0,35.7,1,121.27,83.8367,37.4333,0.983,100.0,0.732,95.498,27.097,61.9696,63.5,16.4,21.8,40.4,68.4,28.1,35.0,0
7,115.973,95.052,20.9213,0.922,67.64706,1.848,62.703,31.101,62.8407,64.1,17.9,17.0,34.6,74.0,34.7,38.6,1,124.253,94.9453,29.3074,0.966,87.87879,1.062,95.491,33.93,65.6368,66.8,16.8,18.7,37.4,69.9,34.5,38.6,1
1,124.253,94.9453,29.3074,0.966,87.87879,1.062,95.491,33.93,65.6368,66.8,16.8,18.7,37.4,69.9,34.5,38.6,7,115.973,95.052,20.9213,0.922,67.64706,1.848,62.703,31.101,62.8407,64.1,17.9,17.0,34.6,74.0,34.7,38.6,0
1,126.815,93.2904,33.5251,0.974,91.17647,2.077,67.699,30.284,58.0767,59.3,12.4,16.7,31.9,76.3,37.0,35.7,1,124.253,94.9453,29.3074,0.966,87.87879,1.062,95.491,33.93,65.6368,66.8,16.8,18.7,37.4,69.9,34.5,38.6,1
1,124.253,94.9453,29.3074,0.966,87.87879,1.062,95.491,33.93,65.6368,66.8,16.8,18.7,37.4,69.9,34.5,38.6,1,126.815,93.2904,33.5251,0.974,91.17647,2.077,67.699,30.284,58.0767,59.3,12.4,16.7,31.9,76.3,37.0,35.7,0
1,116.216,88.4056,27.8106,0.955,94.11765,1.993,69.322,29.067,61.5519,63.4,17.8,21.9,35.6,71.2,35.3,36.8,16,102.179,103.893,-1.71363,0.447,56.25,2.191,0.235,10.783,61.7185,63.2,19.8,18.7,32.4,70.8,26.4,36.4,0
16,102.179,103.893,-1.71363,0.447,56.25,2.191,0.235,10.783,61.7185,63.2,19.8,18.7,32.4,70.8,26.4,36.4,1,116.216,88.4056,27.8106,0.955,94.11765,1.993,69.322,29.067,61.5519,63.4,17.8,21.9,35.6,71.2,35.3,36.8,1
8,107.9,95.4275,12.4727,0.801,67.64706,0.938,65.69,28.422,65.097,67.0,19.4,18.1,34.3,74.0,30.2,32.0,9,116.412,94.8924,21.5198,0.923,73.52941,1.508,74.729,27.298,62.7245,64.1,16.5,19.2,37.7,71.2,26.8,35.6,1
9,116.412,94.8924,21.5198,0.923,73.52941,1.508,74.729,27.298,62.7245,64.1,16.5,19.2,37.7,71.2,26.8,35.6,8,107.9,95.4275,12.4727,0.801,67.64706,0.938,65.69,28.422,65.097,67.0,19.4,18.1,34.3,74.0,30.2,32.0,0
5,108.679,88.4655,20.2135,0.891,76.47059,1.651,34.176,23.556,69.3132,71.0,17.2,25.6,35.1,69.3,33.9,34.9,12,111.44,100.651,10.7884,0.752,93.54839,1.924,0.2,7.349,61.7091,63.8,16.8,24.4,38.5,70.7,35.8,35.2,1
12,111.44,100.651,10.7884,0.752,93.54839,1.924,0.2,7.349,61.7091,63.8,16.8,24.4,38.5,70.7,35.8,35.2,5,108.679,88.4655,20.2135,0.891,76.47059,1.651,34.176,23.556,69.3132,71.0,17.2,25.6,35.1,69.3,33.9,34.9,0
4,118.14,95.8826,22.2575,0.91,76.47059,1.33,82.764,25.87,68.6469,70.4,14.9,20.5,30.2,71.7,27.5,39.1,13,105.972,96.6323,9.33939,0.73,63.63636,1.345,7.721,17.432,67.1059,68.5,16.5,20.4,30.1,70.6,31.7,32.5,0
13,105.972,96.6323,9.33939,0.73,63.63636,1.345,7.721,17.432,67.1059,68.5,16.5,20.4,30.1,70.6,31.7,32.5,4,118.14,95.8826,22.2575,0.91,76.47059,1.33,82.764,25.87,68.6469,70.4,14.9,20.5,30.2,71.7,27.5,39.1,1
6,109.354,87.6797,21.6743,0.92,73.52941,2.15,83.039,28.439,64.0434,65.3,17.1,22.0,30.0,70.0,33.2,32.6,11,113.694,100.71,12.9838,0.795,69.69697,1.645,40.971,21.556,63.8792,65.4,18.1,19.1,34.9,71.4,31.6,37.8,1
11,113.694,100.71,12.9838,0.795,69.69697,1.645,40.971,21.556,63.8792,65.4,18.1,19.1,34.9,71.4,31.6,37.8,6,109.354,87.6797,21.6743,0.92,73.52941,2.15,83.039,28.439,64.0434,65.3,17.1,22.0,30.0,70.0,33.2,32.6,0
3,114.707,93.2029,21.5042,0.918,84.375,1.424,87.563,28.889,59.7435,61.5,14.6,21.9,38.1,68.3,27.1,33.5,14,106.443,102.024,4.41973,0.58,70.96774,1.641,9.135,12.19,65.2493,67.0,20.9,18.5,31.4,68.4,35.0,33.0,0
14,106.443,102.024,4.41973,0.58,70.96774,1.641,9.135,12.19,65.2493,67.0,20.9,18.5,31.4,68.4,35.0,33.0,3,114.707,93.2029,21.5042,0.918,84.375,1.424,87.563,28.889,59.7435,61.5,14.6,21.9,38.1,68.3,27.1,33.5,1
7,113.782,96.2346,17.5475,0.861,81.81818,1.938,19.974,21.24,64.7417,66.3,15.9,14.9,32.8,71.4,31.8,33.7,10,113.435,97.4392,15.9959,0.834,63.63636,2.423,73.42,28.957,65.271,67.3,16.8,17.0,29.5,72.0,29.3,37.1,1
10,113.435,97.4392,15.9959,0.834,63.63636,2.423,73.42,28.957,65.271,67.3,16.8,17.0,29.5,72.0,29.3,37.1,7,113.782,96.2346,17.5475,0.861,81.81818,1.938,19.974,21.24,64.7417,66.3,15.9,14.9,32.8,71.4,31.8,33.7,0
2,119.974,94.5731,25.4011,0.934,72.72727,0.73,89.062,35.326,66.8907,68.3,19.0,16.3,37.1,70.9,29.2,34.5,15,111.315,108.295,3.01993,0.586,70.96774,2.504,1.4,12.669,64.6059,66.1,16.0,24.2,23.0,66.6,43.9,38.6,0
15,111.315,108.295,3.01993,0.586,70.96774,2.504,1.4,12.669,64.6059,66.1,16.0,24.2,23.0,66.6,43.9,38.6,2,119.974,94.5731,25.4011,0.934,72.72727,0.73,89.062,35.326,66.8907,68.3,19.0,16.3,37.1,70.9,29.2,34.5,1
1,113.85,87.4218,26.4285,0.945,82.35294,1.452,71.947,30.369,59.6528,61.3,16.8,18.8,34.8,73.6,29.6,36.5,16,97.0064,102.979,-5.97261,0.355,60.0,1.413,3.527,9.213,65.898,67.6,20.4,18.5,34.8,70.1,31.1,32.0,0
16,97.0064,102.979,-5.97261,0.355,60.0,1.413,3.527,9.213,65.898,67.6,20.4,18.5,34.8,70.1,31.1,32.0,1,113.85,87.4218,26.4285,0.945,82.35294,1.452,71.947,30.369,59.6528,61.3,16.8,18.8,34.8,73.6,29.6,36.5,1
8,111.252,96.3212,14.9304,0.855,70.96774,2.054,69.609,28.502,67.8621,69.7,18.8,20.6,36.1,66.8,27.2,33.5,9,110.212,95.9821,14.2297,0.825,75.0,1.769,27.304,24.145,65.8095,67.4,19.0,19.6,34.8,69.0,28.6,36.9,0
9,110.212,95.9821,14.2297,0.825,75.0,1.769,27.304,24.145,65.8095,67.4,19.0,19.6,34.8,69.0,28.6,36.9,8,111.252,96.3212,14.9304,0.855,70.96774,2.054,69.609,28.502,67.8621,69.7,18.8,20.6,36.1,66.8,27.2,33.5,1
5,109.197,90.1186,19.0788,0.883,81.81818,1.945,51.198,24.925,61.2764,63.5,17.4,22.5,39.1,67.7,31.2,33.5,12,112.027,94.7095,17.3178,0.861,86.2069,2.089,23.108,13.951,64.1253,65.5,17.6,21.4,32.6,71.1,28.2,38.9,1
12,112.027,94.7095,17.3178,0.861,86.2069,2.089,23.108,13.951,64.1253,65.5,17.6,21.4,32.6,71.1,28.2,38.9,5,109.197,90.1186,19.0788,0.883,81.81818,1.945,51.198,24.925,61.2764,63.5,17.4,22.5,39.1,67.7,31.2,33.5,0
4,118.203,94.4143,23.7886,0.928,76.47059,1.664,82.535,32.172,64.3969,66.3,17.1,18.3,33.5,72.3,35.8,39.1,13,111.299,105.513,5.78601,0.63,73.52941,2.094,10.393,15.098,70.5569,72.4,13.5,16.7,29.5,67.3,34.4,34.5,0
13,111.299,105.513,5.78601,0.63,73.52941,2.094,10.393,15.098,70.5569,72.4,13.5,16.7,29.5,67.3,34.4,34.5,4,118.203,94.4143,23.7886,0.928,76.47059,1.664,82.535,32.172,64.3969,66.3,17.1,18.3,33.5,72.3,35.8,39.1,1
6,111.545,93.1571,18.3881,0.88,71.875,1.199,85.624,30.458,69.426,70.9,17.1,19.4,37.8,68.7,20.8,33.6,11,114.031,99.2945,14.7367,0.815,64.70588,2.052,43.138,27.234,63.2914,65.0,17.3,16.4,35.4,70.0,31.7,35.0,0
11,114.031,99.2945,14.7367,0.815,64.70588,2.052,43.138,27.234,63.2914,65.0,17.3,16.4,35.4,70.0,31.7,35.0,6,111.545,93.1571,18.3881,0.88,71.875,1.199,85.624,30.458,69.426,70.9,17.1,19.4,37.8,68.7,20.8,33.6,1
3,116.764,95.8121,20.9515,0.895,78.78788,1.565,47.303,31.563,70.4795,71.9,14.4,16.2,28.1,71.7,38.1,35.1,14,107.276,98.9836,8.29208,0.684,83.87097,2.526,2.483,10.219,62.708,64.3,17.4,24.0,35.4,67.2,29.4,32.6,0
14,107.276,98.9836,8.29208,0.684,83.87097,2.526,2.483,10.219,62.708,64.3,17.4,24.0,35.4,67.2,29.4,32.6,3,116.764,95.8121,20.9515,0.895,78.78788,1.565,47.303,31.563,70.4795,71.9,14.4,16.2,28.1,71.7,38.1,35.1,1
7,111.355,92.2385,19.1162,0.893,76.47059,2.055,59.433,27.116,63.4064,65.1,17.6,19.5,31.2,66.6,33.8,38.7,10,111.261,98.2332,13.0273,0.839,72.72727,2.138,38.758,22.509,64.4393,65.9,18.7,15.4,29.5,72.4,36.8,38.0,0
10,111.261,98.2332,13.0273,0.839,72.72727,2.138,38.758,22.509,64.4393,65.9,18.7,15.4,29.5,72.4,36.8,38.0,7,111.355,92.2385,19.1162,0.893,76.47059,2.055,59.433,27.116,63.4064,65.1,17.6,19.5,31.2,66.6,33.8,38.7,1
2,117.154,91.8909,25.2627,0.929,87.5,1.542,68.549,27.216,65.8913,67.4,17.2,20.2,33.1,71.1,44.6,36.1,15,104.63,104.266,0.3633,0.5,60.60606,1.98,6.6,13.476,65.9973,67.8,20.0,18.5,28.6,68.9,40.7,33.0,0
15,104.63,104.266,0.3633,0.5,60.60606,1.98,6.6,13.476,65.9973,67.8,20.0,18.5,28.6,68.9,40.7,33.0,2,117.154,91.8909,25.2627,0.929,87.5,1.542,68.549,27.216,65.8913,67.4,17.2,20.2,33.1,71.1,44.6,36.1,1
1,115.193,84.7964,30.3964,0.963,88.23529,1.079,82.869,28.319,63.1175,64.6,16.0,19.0,37.2,74.0,26.5,35.6,16,106.025,106.516,-0.49027,0.462,60.71429,1.609,6.732,9.596,63.2017,64.4,19.1,13.6,28.0,71.3,37.3,39.4,0
16,106.025,106.516,-0.49027,0.462,60.71429,1.609,6.732,9.596,63.2017,64.4,19.1,13.6,28.0,71.3,37.3,39.4,1,115.193,84.7964,30.3964,0.963,88.23529,1.079,82.869,28.319,63.1175,64.6,16.0,19.0,37.2,74.0,26.5,35.6,1
8,113.594,92.9558,20.6386,0.908,81.81818,2.039,47.31,19.867,64.5603,66.1,16.9,17.8,30.7,70.5,32.7,38.7,9,115.772,94.2393,21.5328,0.917,63.63636,1.626,69.881,28.791,66.9981,69.0,14.7,20.0,27.7,67.8,34.2,36.8,0
9,115.772,94.2393,21.5328,0.917,63.63636,1.626,69.881,28.791,66.9981,69.0,14.7,20.0,27.7,67.8,34.2,36.8,8,113.594,92.9558,20.6386,0.908,81.81818,2.039,47.31,19.867,64.5603,66.1,16.9,17.8,30.7,70.5,32.7,38.7,1
5,117.886,99.4806,18.4058,0.877,71.875,1.251,61.684,29.271,69.9669,71.8,15.8,17.7,32.3,69.4,36.8,37.8,12,116.004,103.42,12.5832,0.738,78.57143,2.313,6.109,14.3,63.0184,64.5,15.5,17.4,31.4,72.6,27.1,34.9,1
12,116.004,103.42,12.5832,0.738,78.57143,2.313,6.109,14.3,63.0184,64.5,15.5,17.4,31.4,72.6,27.1,34.9,5,117.886,99.4806,18.4058,0.877,71.875,1.251,61.684,29.271,69.9669,71.8,15.8,17.7,32.3,69.4,36.8,37.8,0
4,109.055,89.2312,19.8236,0.887,87.09677,1.858,55.124,22.259,62.8054,64.4,15.3,21.1,36.1,70.5,25.2,33.9,13,112.746,102.113,10.6331,0.746,73.52941,1.917,18.464,13.619,65.3613,67.1,18.8,16.1,37.9,66.8,26.8,36.2,0
13,112.746,102.113,10.6331,0.746,73.52941,1.917,18.464,13.619,65.3613,67.1,18.8,16.1,37.9,66.8,26.8,36.2,4,109.055,89.2312,19.8236,0.887,87.09677,1.858,55.124,22.259,62.8054,64.4,15.3,21.1,36.1,70.5,25.2,33.9,1
6,118.684,100.799,17.8854,0.857,66.66667,2.021,51.342,30.866,61.1487,62.8,18.2,15.9,41.1,67.1,34.5,38.4,11,108.82,95.6836,13.1363,0.805,61.29032,1.362,46.368,31.541,64.698,66.3,16.7,19.0,26.1,71.1,33.3,33.9,0
11,108.82,95.6836,13.1363,0.805,61.29032,1.362,46.368,31.541,64.698,66.3,16.7,19.0,26.1,71.1,33.3,33.9,6,118.684,100.799,17.8854,0.857,66.66667,2.021,51.342,30.866,61.1487,62.8,18.2,15.9,41.1,67.1,34.5,38.4,1
3,125.701,100.913,24.7882,0.935,78.78788,2.416,27.104,26.415,63.9037,65.6,15.2,15.1,28.1,72.2,44.7,42.1,14,109.939,104.85,5.08877,0.655,64.51613,1.864,7.218,16.225,68.8604,70.2,19.1,18.7,36.7,67.9,32.3,37.4,0
14,109.939,104.85,5.08877,0.655,64.51613,1.864,7.218,16.225,68.8604,70.2,19.1,18.7,36.7,67.9,32.3,37.4,3,125.701,100.913,24.7882,0.935,78.78788,2.416,27.104,26.415,63.9037,65.6,15.2,15.1,28.1,72.2,44.7,42.1,1
7,118.258,99.4749,18.783,0.854,71.875,2.211,58.907,25.655,67.8101,69.4,16.3,19.3,32.8,68.2,33.9,39.2,10,114.713,99.9591,14.7544,0.815,66.66667,1.425,40.749,24.303,71.172,73.1,15.3,16.7,35.0,71.4,22.2,37.3,0
10,114.713,99.9591,14.7544,0.815,66.66667,1.425,40.749,24.303,71.172,73.1,15.3,16.7,35.0,71.4,22.2,37.3,7,118.258,99.4749,18.783,0.854,71.875,2.211,58.907,25.655,67.8101,69.4,16.3,19.3,32.8,68.2,33.9,39.2,1
2,120.678,96.8522,23.8262,0.936,78.78788,1.682,66.98,32.853,62.7652,64.3,12.6,15.6,27.9,72.3,39.3,37.3,15,103.925,98.0491,5.87548,0.639,62.5,1.72,0.727,13.329,59.8927,61.4,22.9,19.9,27.0,70.1,35.6,38.2,0
15,103.925,98.0491,5.87548,0.639,62.5,1.72,0.727,13.329,59.8927,61.4,22.9,19.9,27.0,70.1,35.6,38.2,2,120.678,96.8522,23.8262,0.936,78.78788,1.682,66.98,32.853,62.7652,64.3,12.6,15.6,27.9,72.3,39.3,37.3,1
1,117.117,91.937,25.1804,0.919,100.0,1.929,8.712,15.817,63.5718,65.2,16.2,18.5,35.4,74.1,36.5,34.7,16,103.247,103.846,-0.59937,0.47,36.66667,1.814,3.745,19.389,58.8564,60.3,14.8,17.9,30.8,67.0,35.1,33.5,0
16,103.247,103.846,-0.59937,0.47,36.66667,1.814,3.745,19.389,58.8564,60.3,14.8,17.9,30.8,67.0,35.1,33.5,1,117.117,91.937,25.1804,0.919,100.0,1.929,8.712,15.817,63.5718,65.2,16.2,18.5,35.4,74.1,36.5,34.7,1
8,116.202,95.0512,21.1505,0.901,70.58824,0.322,93.139,29.5,64.6236,66.5,18.1,16.3,42.2,70.1,28.0,32.5,9,108.305,93.9099,14.3949,0.849,62.5,1.513,59.93,28.247,63.6653,64.9,18.5,18.8,35.0,67.0,32.3,33.4,0
9,108.305,93.9099,14.3949,0.849,62.5,1.513,59.93,28.247,63.6653,64.9,18.5,18.8,35.0,67.0,32.3,33.4,8,116.202,95.0512,21.1505,0.901,70.58824,0.322,93.139,29.5,64.6236,66.5,18.1,16.3,42.2,70.1,28.0,32.5,1
5,105.599,89.8073,15.792,0.86,80.64516,2.475,14.572,21.668,65.5822,67.4,18.6,21.0,29.2,70.9,32.6,32.0,12,113.205,102.658,10.5467,0.776,61.76471,1.062,63.363,29.638,64.734,66.5,15.9,17.5,34.7,63.8,25.8,30.3,0
12,113.205,102.658,10.5467,0.776,61.76471,1.062,63.363,29.638,64.734,66.5,15.9,17.5,34.7,63.8,25.8,30.3,5,105.599,89.8073,15.792,0.86,80.64516,2.475,14.572,21.668,65.5822,67.4,18.6,21.0,29.2,70.9,32.6,32.0,1
4,119.102,88.5345,30.5677,0.97,85.29412,1.843,58.072,21.304,67.4981,69.0,14.9,25.2,37.3,67.1,35.6,37.1,13,106.544,96.9886,9.55527,0.734,78.125,1.91,5.007,12.444,68.0296,69.7,19.7,21.8,34.8,66.9,31.3,36.7,0
13,106.544,96.9886,9.55527,0.734,78.125,1.91,5.007,12.444,68.0296,69.7,19.7,21.8,34.8,66.9,31.3,36.7,4,119.102,88.5345,30.5677,0.97,85.29412,1.843,58.072,21.304,67.4981,69.0,14.9,25.2,37.3,67.1,35.6,37.1,1
6,109.841,95.6537,14.1875,0.821,75.0,2.092,27.037,24.043,70.3142,71.7,18.8,18.8,34.3,68.4,26.4,34.7,11,115.185,93.4414,21.7438,0.923,62.5,2.051,70.938,27.83,62.0374,63.4,17.2,17.2,39.7,72.4,30.6,33.0,1
11,115.185,93.4414,21.7438,0.923,62.5,2.051,70.938,27.83,62.0374,63.4,17.2,17.2,39.7,72.4,30.6,33.0,6,109.841,95.6537,14.1875,0.821,75.0,2.092,27.037,24.043,70.3142,71.7,18.8,18.8,34.3,68.4,26.4,34.7,0
3,124.75,99.4399,25.3098,0.949,76.47059,1.373,86.76,30.879,64.8311,66.8,14.4,18.7,35.1,68.3,39.0,39.4,14,108.78,101.313,7.46633,0.693,74.19355,2.56,2.917,11.039,63.9334,65.4,17.8,19.2,32.6,69.9,37.2,38.8,1
14,108.78,101.313,7.46633,0.693,74.19355,2.56,2.917,11.039,63.9334,65.4,17.8,19.2,32.6,69.9,37.2,38.8,3,124.75,99.4399,25.3098,0.949,76.47059,1.373,86.76,30.879,64.8311,66.8,14.4,18.7,35.1,68.3,39.0,39.4,0
7,110.262,95.2735,14.9889,0.853,69.69697,0.797,66.138,29.843,67.2135,68.9,17.7,16.6,39.4,70.0,26.4,32.4,10,110.175,94.7808,15.3941,0.834,65.625,1.901,30.871,27.225,67.6129,69.3,16.3,17.1,24.2,69.9,37.5,38.6,0
10,110.175,94.7808,15.3941,0.834,65.625,1.901,30.871,27.225,67.6129,69.3,16.3,17.1,24.2,69.9,37.5,38.6,7,110.262,95.2735,14.9889,0.853,69.69697,0.797,66.138,29.843,67.2135,68.9,17.7,16.6,39.4,70.0,26.4,32.4,1
2,122.369,99.5935,22.7757,0.918,75.75758,1.052,71.641,36.032,61.5484,63.0,14.8,17.3,28.9,71.1,40.0,39.4,15,100.924,102.947,-2.02301,0.413,58.62069,1.295,1.02,12.999,60.7578,62.2,16.4,19.7,31.2,70.9,29.5,35.9,0
15,100.924,102.947,-2.02301,0.413,58.62069,1.295,1.02,12.999,60.7578,62.2,16.4,19.7,31.2,70.9,29.5,35.9,2,122.369,99.5935,22.7757,0.918,75.75758,1.052,71.641,36.032,61.5484,63.0,14.8,17.3,28.9,71.1,40.0,39.4,1
1,116.216,88.4056,27.8106,0.955,94.11765,1.993,69.322,29.067,61.5519,63.4,17.8,21.9,35.6,71.2,35.3,36.8,9,116.412,94.8924,21.5198,0.923,73.52941,1.508,74.729,27.298,62.7245,64.1,16.5,19.2,37.7,71.2,26.8,35.6,0
9,116.412,94.8924,21.5198,0.923,73.52941,1.508,74.729,27.298,62.7245,64.1,16.5,19.2,37.7,71.2,26.8,35.6,1,116.216,88.4056,27.8106,0.955,94.11765,1.993,69.322,29.067,61.5519,63.4,17.8,21.9,35.6,71.2,35.3,36.8,1
12,111.44,100.651,10.7884,0.752,93.54839,1.924,0.2,7.349,61.7091,63.8,16.8,24.4,38.5,70.7,35.8,35.2,4,118.14,95.8826,22.2575,0.91,76.47059,1.33,82.764,25.87,68.6469,70.4,14.9,20.5,30.2,71.7,27.5,39.1,1
4,118.14,95.8826,22.2575,0.91,76.47059,1.33,82.764,25.87,68.6469,70.4,14.9,20.5,30.2,71.7,27.5,39.1,12,111.44,100.651,10.7884,0.752,93.54839,1.924,0.2,7.349,61.7091,63.8,16.8,24.4,38.5,70.7,35.8,35.2,0
11,113.694,100.71,12.9838,0.795,69.69697,1.645,40.971,21.556,63.8792,65.4,18.1,19.1,34.9,71.4,31.6,37.8,3,114.707,93.2029,21.5042,0.918,84.375,1.424,87.563,28.889,59.7435,61.5,14.6,21.9,38.1,68.3,27.1,33.5,0
3,114.707,93.2029,21.5042,0.918,84.375,1.424,87.563,28.889,59.7435,61.5,14.6,21.9,38.1,68.3,27.1,33.5,11,113.694,100.71,12.9838,0.795,69.69697,1.645,40.971,21.556,63.8792,65.4,18.1,19.1,34.9,71.4,31.6,37.8,1
10,113.435,97.4392,15.9959,0.834,63.63636,2.423,73.42,28.957,65.271,67.3,16.8,17.0,29.5,72.0,29.3,37.1,2,119.974,94.5731,25.4011,0.934,72.72727,0.73,89.062,35.326,66.8907,68.3,19.0,16.3,37.1,70.9,29.2,34.5,0
2,119.974,94.5731,25.4011,0.934,72.72727,0.73,89.062,35.326,66.8907,68.3,19.0,16.3,37.1,70.9,29.2,34.5,10,113.435,97.4392,15.9959,0.834,63.63636,2.423,73.42,28.957,65.271,67.3,16.8,17.0,29.5,72.0,29.3,37.1,1
1,113.85,87.4218,26.4285,0.945,82.35294,1.452,71.947,30.369,59.6528,61.3,16.8,18.8,34.8,73.6,29.6,36.5,8,111.252,96.3212,14.9304,0.855,70.96774,2.054,69.609,28.502,67.8621,69.7,18.8,20.6,36.1,66.8,27.2,33.5,0
8,111.252,96.3212,14.9304,0.855,70.96774,2.054,69.609,28.502,67.8621,69.7,18.8,20.6,36.1,66.8,27.2,33.5,1,113.85,87.4218,26.4285,0.945,82.35294,1.452,71.947,30.369,59.6528,61.3,16.8,18.8,34.8,73.6,29.6,36.5,1
12,112.027,94.7095,17.3178,0.861,86.2069,2.089,23.108,13.951,64.1253,65.5,17.6,21.4,32.6,71.1,28.2,38.9,4,118.203,94.4143,23.7886,0.928,76.47059,1.664,82.535,32.172,64.3969,66.3,17.1,18.3,33.5,72.3,35.8,39.1,1
4,118.203,94.4143,23.7886,0.928,76.47059,1.664,82.535,32.172,64.3969,66.3,17.1,18.3,33.5,72.3,35.8,39.1,12,112.027,94.7095,17.3178,0.861,86.2069,2.089,23.108,13.951,64.1253,65.5,17.6,21.4,32.6,71.1,28.2,38.9,0
6,111.545,93.1571,18.3881,0.88,71.875,1.199,85.624,30.458,69.426,70.9,17.1,19.4,37.8,68.7,20.8,33.6,3,116.764,95.8121,20.9515,0.895,78.78788,1.565,47.303,31.563,70.4795,71.9,14.4,16.2,28.1,71.7,38.1,35.1,1
3,116.764,95.8121,20.9515,0.895,78.78788,1.565,47.303,31.563,70.4795,71.9,14.4,16.2,28.1,71.7,38.1,35.1,6,111.545,93.1571,18.3881,0.88,71.875,1.199,85.624,30.458,69.426,70.9,17.1,19.4,37.8,68.7,20.8,33.6,0
7,111.355,92.2385,19.1162,0.893,76.47059,2.055,59.433,27.116,63.4064,65.1,17.6,19.5,31.2,66.6,33.8,38.7,2,117.154,91.8909,25.2627,0.929,87.5,1.542,68.549,27.216,65.8913,67.4,17.2,20.2,33.1,71.1,44.6,36.1,0
2,117.154,91.8909,25.2627,0.929,87.5,1.542,68.549,27.216,65.8913,67.4,17.2,20.2,33.1,71.1,44.6,36.1,7,111.355,92.2385,19.1162,0.893,76.47059,2.055,59.433,27.116,63.4064,65.1,17.6,19.5,31.2,66.6,33.8,38.7,1
1,115.193,84.7964,30.3964,0.963,88.23529,1.079,82.869,28.319,63.1175,64.6,16.0,19.0,37.2,74.0,26.5,35.6,8,113.594,92.9558,20.6386,0.908,81.81818,2.039,47.31,19.867,64.5603,66.1,16.9,17.8,30.7,70.5,32.7,38.7,0
8,113.594,92.9558,20.6386,0.908,81.81818,2.039,47.31,19.867,64.5603,66.1,16.9,17.8,30.7,70.5,32.7,38.7,1,115.193,84.7964,30.3964,0.963,88.23529,1.079,82.869,28.319,63.1175,64.6,16.0,19.0,37.2,74.0,26.5,35.6,1
12,116.004,103.42,12.5832,0.738,78.57143,2.313,6.109,14.3,63.0184,64.5,15.5,17.4,31.4,72.6,27.1,34.9,4,109.055,89.2312,19.8236,0.887,87.09677,1.858,55.124,22.259,62.8054,64.4,15.3,21.1,36.1,70.5,25.2,33.9,1
4,109.055,89.2312,19.8236,0.887,87.09677,1.858,55.124,22.259,62.8054,64.4,15.3,21.1,36.1,70.5,25.2,33.9,12,116.004,103.42,12.5832,0.738,78.57143,2.313,6.109,14.3,63.0184,64.5,15.5,17.4,31.4,72.6,27.1,34.9,0
6,118.684,100.799,17.8854,0.857,66.66667,2.021,51.342,30.866,61.1487,62.8,18.2,15.9,41.1,67.1,34.5,38.4,3,125.701,100.913,24.7882,0.935,78.78788,2.416,27.104,26.415,63.9037,65.6,15.2,15.1,28.1,72.2,44.7,42.1,0
3,125.701,100.913,24.7882,0.935,78.78788,2.416,27.104,26.415,63.9037,65.6,15.2,15.1,28.1,72.2,44.7,42.1,6,118.684,100.799,17.8854,0.857,66.66667,2.021,51.342,30.866,61.1487,62.8,18.2,15.9,41.1,67.1,34.5,38.4,1
7,118.258,99.4749,18.783,0.854,71.875,2.211,58.907,25.655,67.8101,69.4,16.3,19.3,32.8,68.2,33.9,39.2,2,120.678,96.8522,23.8262,0.936,78.78788,1.682,66.98,32.853,62.7652,64.3,12.6,15.6,27.9,72.3,39.3,37.3,1
2,120.678,96.8522,23.8262,0.936,78.78788,1.682,66.98,32.853,62.7652,64.3,12.6,15.6,27.9,72.3,39.3,37.3,7,118.258,99.4749,18.783,0.854,71.875,2.211,58.907,25.655,67.8101,69.4,16.3,19.3,32.8,68.2,33.9,39.2,0
1,117.117,91.937,25.1804,0.919,100.0,1.929,8.712,15.817,63.5718,65.2,16.2,18.5,35.4,74.1,36.5,34.7,8,116.202,95.0512,21.1505,0.901,70.58824,0.322,93.139,29.5,64.6236,66.5,18.1,16.3,42.2,70.1,28.0,32.5,1
8,116.202,95.0512,21.1505,0.901,70.58824,0.322,93.139,29.5,64.6236,66.5,18.1,16.3,42.2,70.1,28.0,32.5,1,117.117,91.937,25.1804,0.919,100.0,1.929,8.712,15.817,63.5718,65.2,16.2,18.5,35.4,74.1,36.5,34.7,0
5,105.599,89.8073,15.792,0.86,80.64516,2.475,14.572,21.668,65.5822,67.4,18.6,21.0,29.2,70.9,32.6,32.0,4,119.102,88.5345,30.5677,0.97,85.29412,1.843,58.072,21.304,67.4981,69.0,14.9,25.2,37.3,67.1,35.6,37.1,1
4,119.102,88.5345,30.5677,0.97,85.29412,1.843,58.072,21.304,67.4981,69.0,14.9,25.2,37.3,67.1,35.6,37.1,5,105.599,89.8073,15.792,0.86,80.64516,2.475,14.572,21.668,65.5822,67.4,18.6,21.0,29.2,70.9,32.6,32.0,0
11,115.185,93.4414,21.7438,0.923,62.5,2.051,70.938,27.83,62.0374,63.4,17.2,17.2,39.7,72.4,30.6,33.0,14,108.78,101.313,7.46633,0.693,74.19355,2.56,2.917,11.039,63.9334,65.4,17.8,19.2,32.6,69.9,37.2,38.8,0
14,108.78,101.313,7.46633,0.693,74.19355,2.56,2.917,11.039,63.9334,65.4,17.8,19.2,32.6,69.9,37.2,38.8,11,115.185,93.4414,21.7438,0.923,62.5,2.051,70.938,27.83,62.0374,63.4,17.2,17.2,39.7,72.4,30.6,33.0,1
7,110.262,95.2735,14.9889,0.853,69.69697,0.797,66.138,29.843,67.2135,68.9,17.7,16.6,39.4,70.0,26.4,32.4,2,122.369,99.5935,22.7757,0.918,75.75758,1.052,71.641,36.032,61.5484,63.0,14.8,17.3,28.9,71.1,40.0,39.4,1
2,122.369,99.5935,22.7757,0.918,75.75758,1.052,71.641,36.032,61.5484,63.0,14.8,17.3,28.9,71.1,40.0,39.4,7,110.262,95.2735,14.9889,0.853,69.69697,0.797,66.138,29.843,67.2135,68.9,17.7,16.6,39.4,70.0,26.4,32.4,0
1,116.216,88.4056,27.8106,0.955,94.11765,1.993,69.322,29.067,61.5519,63.4,17.8,21.9,35.6,71.2,35.3,36.8,4,118.14,95.8826,22.2575,0.91,76.47059,1.33,82.764,25.87,68.6469,70.4,14.9,20.5,30.2,71.7,27.5,39.1,0
4,118.14,95.8826,22.2575,0.91,76.47059,1.33,82.764,25.87,68.6469,70.4,14.9,20.5,30.2,71.7,27.5,39.1,1,116.216,88.4056,27.8106,0.955,94.11765,1.993,69.322,29.067,61.5519,63.4,17.8,21.9,35.6,71.2,35.3,36.8,1
11,113.694,100.71,12.9838,0.795,69.69697,1.645,40.971,21.556,63.8792,65.4,18.1,19.1,34.9,71.4,31.6,37.8,10,113.435,97.4392,15.9959,0.834,63.63636,2.423,73.42,28.957,65.271,67.3,16.8,17.0,29.5,72.0,29.3,37.1,0
10,113.435,97.4392,15.9959,0.834,63.63636,2.423,73.42,28.957,65.271,67.3,16.8,17.0,29.5,72.0,29.3,37.1,11,113.694,100.71,12.9838,0.795,69.69697,1.645,40.971,21.556,63.8792,65.4,18.1,19.1,34.9,71.4,31.6,37.8,1
1,113.85,87.4218,26.4285,0.945,82.35294,1.452,71.947,30.369,59.6528,61.3,16.8,18.8,34.8,73.6,29.6,36.5,4,118.203,94.4143,23.7886,0.928,76.47059,1.664,82.535,32.172,64.3969,66.3,17.1,18.3,33.5,72.3,35.8,39.1,1
4,118.203,94.4143,23.7886,0.928,76.47059,1.664,82.535,32.172,64.3969,66.3,17.1,18.3,33.5,72.3,35.8,39.1,1,113.85,87.4218,26.4285,0.945,82.35294,1.452,71.947,30.369,59.6528,61.3,16.8,18.8,34.8,73.6,29.6,36.5,0
3,116.764,95.8121,20.9515,0.895,78.78788,1.565,47.303,31.563,70.4795,71.9,14.4,16.2,28.1,71.7,38.1,35.1,7,111.355,92.2385,19.1162,0.893,76.47059,2.055,59.433,27.116,63.4064,65.1,17.6,19.5,31.2,66.6,33.8,38.7,1
7,111.355,92.2385,19.1162,0.893,76.47059,2.055,59.433,27.116,63.4064,65.1,17.6,19.5,31.2,66.6,33.8,38.7,3,116.764,95.8121,20.9515,0.895,78.78788,1.565,47.303,31.563,70.4795,71.9,14.4,16.2,28.1,71.7,38.1,35.1,0
1,115.193,84.7964,30.3964,0.963,88.23529,1.079,82.869,28.319,63.1175,64.6,16.0,19.0,37.2,74.0,26.5,35.6,4,109.055,89.2312,19.8236,0.887,87.09677,1.858,55.124,22.259,62.8054,64.4,15.3,21.1,36.1,70.5,25.2,33.9,0
4,109.055,89.2312,19.8236,0.887,87.09677,1.858,55.124,22.259,62.8054,64.4,15.3,21.1,36.1,70.5,25.2,33.9,1,115.193,84.7964,30.3964,0.963,88.23529,1.079,82.869,28.319,63.1175,64.6,16.0,19.0,37.2,74.0,26.5,35.6,1
6,118.684,100.799,17.8854,0.857,66.66667,2.021,51.342,30.866,61.1487,62.8,18.2,15.9,41.1,67.1,34.5,38.4,2,120.678,96.8522,23.8262,0.936,78.78788,1.682,66.98,32.853,62.7652,64.3,12.6,15.6,27.9,72.3,39.3,37.3,1
2,120.678,96.8522,23.8262,0.936,78.78788,1.682,66.98,32.853,62.7652,64.3,12.6,15.6,27.9,72.3,39.3,37.3,6,118.684,100.799,17.8854,0.857,66.66667,2.021,51.342,30.866,61.1487,62.8,18.2,15.9,41.1,67.1,34.5,38.4,0
8,116.202,95.0512,21.1505,0.901,70.58824,0.322,93.139,29.5,64.6236,66.5,18.1,16.3,42.2,70.1,28.0,32.5,4,119.102,88.5345,30.5677,0.97,85.29412,1.843,58.072,21.304,67.4981,69.0,14.9,25.2,37.3,67.1,35.6,37.1,0
4,119.102,88.5345,30.5677,0.97,85.29412,1.843,58.072,21.304,67.4981,69.0,14.9,25.2,37.3,67.1,35.6,37.1,8,116.202,95.0512,21.1505,0.901,70.58824,0.322,93.139,29.5,64.6236,66.5,18.1,16.3,42.2,70.1,28.0,32.5,1
11,115.185,93.4414,21.7438,0.923,62.5,2.051,70.938,27.83,62.0374,63.4,17.2,17.2,39.7,72.4,30.6,33.0,2,122.369,99.5935,22.7757,0.918,75.75758,1.052,71.641,36.032,61.5484,63.0,14.8,17.3,28.9,71.1,40.0,39.4,1
2,122.369,99.5935,22.7757,0.918,75.75758,1.052,71.641,36.032,61.5484,63.0,14.8,17.3,28.9,71.1,40.0,39.4,11,115.185,93.4414,21.7438,0.923,62.5,2.051,70.938,27.83,62.0374,63.4,17.2,17.2,39.7,72.4,30.6,33.0,0
1,116.216,88.4056,27.8106,0.955,94.11765,1.993,69.322,29.067,61.5519,63.4,17.8,21.9,35.6,71.2,35.3,36.8,11,113.694,100.71,12.9838,0.795,69.69697,1.645,40.971,21.556,63.8792,65.4,18.1,19.1,34.9,71.4,31.6,37.8,0
11,113.694,100.71,12.9838,0.795,69.69697,1.645,40.971,21.556,63.8792,65.4,18.1,19.1,34.9,71.4,31.6,37.8,1,116.216,88.4056,27.8106,0.955,94.11765,1.993,69.322,29.067,61.5519,63.4,17.8,21.9,35.6,71.2,35.3,36.8,1
4,118.203,94.4143,23.7886,0.928,76.47059,1.664,82.535,32.172,64.3969,66.3,17.1,18.3,33.5,72.3,35.8,39.1,7,111.355,92.2385,19.1162,0.893,76.47059,2.055,59.433,27.116,63.4064,65.1,17.6,19.5,31.2,66.6,33.8,38.7,1
7,111.355,92.2385,19.1162,0.893,76.47059,2.055,59.433,27.116,63.4064,65.1,17.6,19.5,31.2,66.6,33.8,38.7,4,118.203,94.4143,23.7886,0.928,76.47059,1.664,82.535,32.172,64.3969,66.3,17.1,18.3,33.5,72.3,35.8,39.1,0
1,115.193,84.7964,30.3964,0.963,88.23529,1.079,82.869,28.319,63.1175,64.6,16.0,19.0,37.2,74.0,26.5,35.6,2,120.678,96.8522,23.8262,0.936,78.78788,1.682,66.98,32.853,62.7652,64.3,12.6,15.6,27.9,72.3,39.3,37.3,1
2,120.678,96.8522,23.8262,0.936,78.78788,1.682,66.98,32.853,62.7652,64.3,12.6,15.6,27.9,72.3,39.3,37.3,1,115.193,84.7964,30.3964,0.963,88.23529,1.079,82.869,28.319,63.1175,64.6,16.0,19.0,37.2,74.0,26.5,35.6,0
8,116.202,95.0512,21.1505,0.901,70.58824,0.322,93.139,29.5,64.6236,66.5,18.1,16.3,42.2,70.1,28.0,32.5,2,122.369,99.5935,22.7757,0.918,75.75758,1.052,71.641,36.032,61.5484,63.0,14.8,17.3,28.9,71.1,40.0,39.4,0
2,122.369,99.5935,22.7757,0.918,75.75758,1.052,71.641,36.032,61.5484,63.0,14.8,17.3,28.9,71.1,40.0,39.4,8,116.202,95.0512,21.1505,0.901,70.58824,0.322,93.139,29.5,64.6236,66.5,18.1,16.3,42.2,70.1,28.0,32.5,1
1,116.216,88.4056,27.8106,0.955,94.11765,1.993,69.322,29.067,61.5519,63.4,17.8,21.9,35.6,71.2,35.3,36.8,7,111.355,92.2385,19.1162,0.893,76.47059,2.055,59.433,27.116,63.4064,65.1,17.6,19.5,31.2,66.6,33.8,38.7,1
7,111.355,92.2385,19.1162,0.893,76.47059,2.055,59.433,27.116,63.4064,65.1,17.6,19.5,31.2,66.6,33.8,38.7,1,116.216,88.4056,27.8106,0.955,94.11765,1.993,69.322,29.067,61.5519,63.4,17.8,21.9,35.6,71.2,35.3,36.8,0
2,120.678,96.8522,23.8262,0.936,78.78788,1.682,66.98,32.853,62.7652,64.3,12.6,15.6,27.9,72.3,39.3,37.3,8,116.202,95.0512,21.1505,0.901,70.58824,0.322,93.139,29.5,64.6236,66.5,18.1,16.3,42.2,70.1,28.0,32.5,1
8,116.202,95.0512,21.1505,0.901,70.58824,0.322,93.139,29.5,64.6236,66.5,18.1,16.3,42.2,70.1,28.0,32.5,2,120.678,96.8522,23.8262,0.936,78.78788,1.682,66.98,32.853,62.7652,64.3,12.6,15.6,27.9,72.3,39.3,37.3,0
7,111.355,92.2385,19.1162,0.893,76.47059,2.055,59.433,27.116,63.4064,65.1,17.6,19.5,31.2,66.6,33.8,38.7,8,116.202,95.0512,21.1505,0.901,70.58824,0.322,93.139,29.5,64.6236,66.5,18.1,16.3,42.2,70.1,28.0,32.5,0
8,116.202,95.0512,21.1505,0.901,70.58824,0.322,93.139,29.5,64.6236,66.5,18.1,16.3,42.2,70.1,28.0,32.5,7,111.355,92.2385,19.1162,0.893,76.47059,2.055,59.433,27.116,63.4064,65.1,17.6,19.5,31.2,66.6,33.8,38.7,1
1,114.313,83.1717,31.1411,0.969,85.29412,1.726,70.481,31.558,65.2907,67.5,18.7,27.6,38.4,66.3,30.3,33.1,16,92.5828,97.9108,-5.32804,0.351,52.94118,2.33,0.2,9.659,64.8071,66.9,22.5,23.6,30.2,66.6,37.0,30.2,0
16,92.5828,97.9108,-5.32804,0.351,52.94118,2.33,0.2,9.659,64.8071,66.9,22.5,23.6,30.2,66.6,37.0,30.2,1,114.313,83.1717,31.1411,0.969,85.29412,1.726,70.481,31.558,65.2907,67.5,18.7,27.6,38.4,66.3,30.3,33.1,1
8,118.136,97.9562,20.1795,0.877,74.19355,2.496,33.913,23.522,62.9945,64.8,16.7,16.9,41.8,76.7,27.3,33.4,9,115.006,95.7839,19.2225,0.877,69.69697,1.964,60.673,26.096,65.5079,67.6,19.3,17.5,39.5,71.7,31.3,34.0,0
9,115.006,95.7839,19.2225,0.877,69.69697,1.964,60.673,26.096,65.5079,67.6,19.3,17.5,39.5,71.7,31.3,34.0,8,118.136,97.9562,20.1795,0.877,74.19355,2.496,33.913,23.522,62.9945,64.8,16.7,16.9,41.8,76.7,27.3,33.4,1
5,109.664,90.2456,19.4182,0.908,75.0,1.02,72.871,26.462,65.3529,67.3,18.1,21.5,31.8,69.3,31.2,31.6,12,105.529,90.6673,14.8613,0.851,76.47059,1.899,45.898,23.326,67.0931,69.2,21.3,22.3,36.1,72.2,27.4,32.3,1
12,105.529,90.6673,14.8613,0.851,76.47059,1.899,45.898,23.326,67.0931,69.2,21.3,22.3,36.1,72.2,27.4,32.3,5,109.664,90.2456,19.4182,0.908,75.0,1.02,72.871,26.462,65.3529,67.3,18.1,21.5,31.8,69.3,31.2,31.6,0
4,108.951,88.6822,20.269,0.906,81.81818,2.237,16.692,21.79,63.0796,64.7,17.6,23.4,28.1,71.7,34.3,34.7,13,105.566,96.7219,8.84441,0.714,69.69697,1.61,18.788,14.948,63.1987,65.2,21.8,18.7,36.4,70.2,23.7,32.6,0
13,105.566,96.7219,8.84441,0.714,69.69697,1.61,18.788,14.948,63.1987,65.2,21.8,18.7,36.4,70.2,23.7,32.6,4,108.951,88.6822,20.269,0.906,81.81818,2.237,16.692,21.79,63.0796,64.7,17.6,23.4,28.1,71.7,34.3,34.7,1
6,108.62,91.9204,16.6993,0.872,88.23529,1.761,72.385,18.445,67.7883,69.5,20.8,22.0,36.2,69.4,28.3,37.9,11,116.686,97.7603,18.9259,0.881,81.25,2.03,20.444,19.997,62.7285,65.2,18.4,17.8,37.2,75.0,38.1,37.3,0
11,116.686,97.7603,18.9259,0.881,81.25,2.03,20.444,19.997,62.7285,65.2,18.4,17.8,37.2,75.0,38.1,37.3,6,108.62,91.9204,16.6993,0.872,88.23529,1.761,72.385,18.445,67.7883,69.5,20.8,22.0,36.2,69.4,28.3,37.9,1
3,112.662,89.423,23.2393,0.922,75.0,1.306,87.215,37.025,62.5852,64.6,20.5,19.7,35.5,71.7,27.3,34.4,14,111.066,99.147,11.9193,0.756,78.125,2.728,25.855,13.999,63.7461,65.8,22.0,19.2,31.6,72.7,39.8,37.5,0
14,111.066,99.147,11.9193,0.756,78.125,2.728,25.855,13.999,63.7461,65.8,22.0,19.2,31.6,72.7,39.8,37.5,3,112.662,89.423,23.2393,0.922,75.0,1.306,87.215,37.025,62.5852,64.6,20.5,19.7,35.5,71.7,27.3,34.4,1
7,119.389,97.1644,22.2247,0.919,79.41176,1.914,38.512,22.691,63.0944,65.3,18.8,16.2,29.2,73.0,39.6,42.1,10,105.794,90.2087,15.5856,0.884,66.66667,2.206,45.606,29.557,62.2632,65.5,19.5,20.1,38.8,70.1,37.3,31.7,0
10,105.794,90.2087,15.5856,0.884,66.66667,2.206,45.606,29.557,62.2632,65.5,19.5,20.1,38.8,70.1,37.3,31.7,7,119.389,97.1644,22.2247,0.919,79.41176,1.914,38.512,22.691,63.0944,65.3,18.8,16.2,29.2,73.0,39.6,42.1,1
2,119.646,92.9223,26.724,0.95,84.375,1.785,84.2,29.848,66.0764,68.1,15.6,20.9,29.4,67.1,33.3,40.6,15,102.346,101.191,1.15535,0.543,70.58824,2.227,0.2,11.678,61.1481,63.3,21.2,19.9,31.7,71.7,33.0,36.4,0
15,102.346,101.191,1.15535,0.543,70.58824,2.227,0.2,11.678,61.1481,63.3,21.2,19.9,31.7,71.7,33.0,36.4,2,119.646,92.9223,26.724,0.95,84.375,1.785,84.2,29.848,66.0764,68.1,15.6,20.9,29.4,67.1,33.3,40.6,1
1,120.831,91.8845,28.9467,0.961,93.75,1.767,33.185,22.395,62.4727,65.2,17.1,20.9,37.4,69.8,31.1,36.4,16,99.0012,99.294,-0.29274,0.459,68.96552,2.374,10.29,8.266,62.7873,65.1,16.8,20.3,26.7,68.9,34.4,36.4,0
16,99.0012,99.294,-0.29274,0.459,68.96552,2.374,10.29,8.266,62.7873,65.1,16.8,20.3,26.7,68.9,34.4,36.4,1,120.831,91.8845,28.9467,0.961,93.75,1.767,33.185,22.395,62.4727,65.2,17.1,20.9,37.4,69.8,31.1,36.4,1
8,116.301,91.1994,25.1014,0.929,75.0,1.684,83.195,27.112,58.1464,60.0,17.9,22.2,40.8,70.2,26.1,36.0,9,109.966,92.5764,17.3895,0.867,76.47059,1.983,6.608,22.177,62.4159,64.8,19.8,20.4,38.0,74.7,35.2,33.7,1
9,109.966,92.5764,17.3895,0.867,76.47059,1.983,6.608,22.177,62.4159,64.8,19.8,20.4,38.0,74.7,35.2,33.7,8,116.301,91.1994,25.1014,0.929,75.0,1.684,83.195,27.112,58.1464,60.0,17.9,22.2,40.8,70.2,26.1,36.0,0
5,108.829,85.8206,23.008,0.937,67.64706,1.822,59.918,37.133,59.9822,62.1,15.6,18.0,32.6,73.3,39.7,33.4,12,112.338,95.8159,16.5223,0.824,76.47059,1.846,66.788,21.197,68.7636,71.1,15.8,21.7,33.8,68.1,33.2,33.0,1
12,112.338,95.8159,16.5223,0.824,76.47059,1.846,66.788,21.197,68.7636,71.1,15.8,21.7,33.8,68.1,33.2,33.0,5,108.829,85.8206,23.008,0.937,67.64706,1.822,59.918,37.133,59.9822,62.1,15.6,18.0,32.6,73.3,39.7,33.4,0
4,113.291,95.0325,18.2582,0.887,78.78788,1.938,59.851,29.676,60.9899,63.2,18.2,22.4,38.5,66.0,33.2,35.9,13,110.546,97.2446,13.3018,0.833,70.0,1.728,25.678,23.333,64.3651,66.6,17.3,22.0,29.6,67.1,35.7,37.1,1
13,110.546,97.2446,13.3018,0.833,70.0,1.728,25.678,23.333,64.3651,66.6,17.3,22.0,29.6,67.1,35.7,37.1,4,113.291,95.0325,18.2582,0.887,78.78788,1.938,59.851,29.676,60.9899,63.2,18.2,22.4,38.5,66.0,33.2,35.9,0
6,114.263,93.7326,20.5305,0.91,78.125,1.621,89.719,26.545,64.9417,67.0,19.5,20.5,35.4,72.8,37.9,36.3,11,111.598,95.8476,15.7507,0.83,80.0,2.311,12.834,15.327,65.3017,67.4,19.8,25.0,30.4,66.1,39.5,37.6,0
11,111.598,95.8476,15.7507,0.83,80.0,2.311,12.834,15.327,65.3017,67.4,19.8,25.0,30.4,66.1,39.5,37.6,6,114.263,93.7326,20.5305,0.91,78.125,1.621,89.719,26.545,64.9417,67.0,19.5,20.5,35.4,72.8,37.9,36.3,1
3,110.537,89.8302,20.7068,0.864,85.29412,1.895,28.854,25.971,63.1277,65.5,17.6,19.5,28.9,72.2,35.0,35.4,14,108.139,101.233,6.90592,0.659,66.66667,1.292,23.885,17.558,62.4831,64.9,21.1,21.1,26.1,68.5,33.8,40.1,1
14,108.139,101.233,6.90592,0.659,66.66667,1.292,23.885,17.558,62.4831,64.9,21.1,21.1,26.1,68.5,33.8,40.1,3,110.537,89.8302,20.7068,0.864,85.29412,1.895,28.854,25.971,63.1277,65.5,17.6,19.5,28.9,72.2,35.0,35.4,0
7,115.515,98.0769,17.4382,0.88,73.52941,1.938,75.953,29.503,59.569,61.6,17.4,16.2,34.1,70.2,31.9,37.3,10,116.863,100.569,16.2941,0.862,66.66667,2.282,48.784,27.483,67.5365,69.6,18.6,18.5,34.6,71.1,43.9,37.0,1
10,116.863,100.569,16.2941,0.862,66.66667,2.282,48.784,27.483,67.5365,69.6,18.6,18.5,34.6,71.1,43.9,37.0,7,115.515,98.0769,17.4382,0.88,73.52941,1.938,75.953,29.503,59.569,61.6,17.4,16.2,34.1,70.2,31.9,37.3,0
2,114.487,89.3191,25.1682,0.94,78.78788,1.639,82.682,34.432,62.2577,65.0,16.6,20.7,32.2,72.4,31.1,35.1,15,114.644,106.791,7.85234,0.716,60.60606,2.016,22.901,15.075,68.6813,71.0,16.9,19.5,32.8,66.6,36.4,37.3,0
15,114.644,106.791,7.85234,0.716,60.60606,2.016,22.901,15.075,68.6813,71.0,16.9,19.5,32.8,66.6,36.4,37.3,2,114.487,89.3191,25.1682,0.94,78.78788,1.639,82.682,34.432,62.2577,65.0,16.6,20.7,32.2,72.4,31.1,35.1,1
1,113.253,87.8314,25.4211,0.956,85.29412,1.865,78.41,27.947,65.5441,67.7,19.9,18.7,34.3,71.2,29.6,36.7,16,101.798,102.763,-0.9659,0.468,55.88235,1.539,19.116,14.863,63.8433,66.0,22.4,20.7,34.8,68.9,36.4,33.2,0
16,101.798,102.763,-0.9659,0.468,55.88235,1.539,19.116,14.863,63.8433,66.0,22.4,20.7,34.8,68.9,36.4,33.2,1,113.253,87.8314,25.4211,0.956,85.29412,1.865,78.41,27.947,65.5441,67.7,19.9,18.7,34.3,71.2,29.6,36.7,1
8,112.478,95.3146,17.1634,0.875,69.69697,1.252,89.557,29.188,68.7962,71.4,17.1,21.2,35.1,69.1,30.7,37.0,9,106.057,92.4411,13.6158,0.835,59.375,1.331,73.986,32.168,65.6855,67.8,22.9,21.9,32.8,70.3,35.3,33.7,0
9,106.057,92.4411,13.6158,0.835,59.375,1.331,73.986,32.168,65.6855,67.8,22.9,21.9,32.8,70.3,35.3,33.7,8,112.478,95.3146,17.1634,0.875,69.69697,1.252,89.557,29.188,68.7962,71.4,17.1,21.2,35.1,69.1,30.7,37.0,1
5,113.747,94.4178,19.3295,0.917,76.47059,1.728,39.731,22.954,65.764,68.3,17.1,28.6,37.0,65.3,36.2,35.2,12,107.801,94.0583,13.7427,0.793,80.64516,1.73,28.109,14.733,64.6243,66.6,20.4,20.5,37.8,69.8,36.7,33.2,0
12,107.801,94.0583,13.7427,0.793,80.64516,1.73,28.109,14.733,64.6243,66.6,20.4,20.5,37.8,69.8,36.7,33.2,5,113.747,94.4178,19.3295,0.917,76.47059,1.728,39.731,22.954,65.764,68.3,17.1,28.6,37.0,65.3,36.2,35.2,1
4,120.868,95.8775,24.9907,0.939,78.125,0.784,74.354,32.68,62.8699,64.8,14.3,18.9,32.5,70.4,34.0,37.5,13,112.586,105.42,7.16609,0.651,70.96774,2.194,8.145,13.855,61.9938,64.1,16.3,17.1,29.0,74.0,36.3,39.4,0
13,112.586,105.42,7.16609,0.651,70.96774,2.194,8.145,13.855,61.9938,64.1,16.3,17.1,29.0,74.0,36.3,39.4,4,120.868,95.8775,24.9907,0.939,78.125,0.784,74.354,32.68,62.8699,64.8,14.3,18.9,32.5,70.4,34.0,37.5,1
6,111.467,96.3046,15.1624,0.856,73.52941,1.151,92.53,26.831,67.4331,69.5,15.7,20.0,30.2,66.0,23.8,33.9,11,113.792,94.6477,19.1442,0.912,62.5,1.964,46.837,34.85,61.1328,64.0,21.7,20.1,44.1,67.1,29.6,32.6,1
11,113.792,94.6477,19.1442,0.912,62.5,1.964,46.837,34.85,61.1328,64.0,21.7,20.1,44.1,67.1,29.6,32.6,6,111.467,96.3046,15.1624,0.856,73.52941,1.151,92.53,26.831,67.4331,69.5,15.7,20.0,30.2,66.0,23.8,33.9,0
3,118.162,86.1792,31.9831,0.975,78.78788,2.172,74.049,24.664,60.6898,62.7,17.7,22.4,34.0,71.4,40.5,38.0,14,106.886,103.699,3.18756,0.583,70.37037,2.009,0.2,12.973,71.4118,73.2,19.0,22.0,35.3,63.0,29.7,31.4,0
14,106.886,103.699,3.18756,0.583,70.37037,2.009,0.2,12.973,71.4118,73.2,19.0,22.0,35.3,63.0,29.7,31.4,3,118.162,86.1792,31.9831,0.975,78.78788,2.172,74.049,24.664,60.6898,62.7,17.7,22.4,34.0,71.4,40.5,38.0,1
7,107.707,89.1276,18.5799,0.88,66.66667,1.862,33.671,25.928,64.8362,67.0,17.9,18.3,31.5,72.0,32.4,32.4,10,111.409,97.0916,14.3172,0.835,64.51613,1.87,58.608,27.937,64.6503,66.9,17.6,19.7,33.6,68.6,26.4,32.6,0
10,111.409,97.0916,14.3172,0.835,64.51613,1.87,58.608,27.937,64.6503,66.9,17.6,19.7,33.6,68.6,26.4,32.6,7,107.707,89.1276,18.5799,0.88,66.66667,1.862,33.671,25.928,64.8362,67.0,17.9,18.3,31.5,72.0,32.4,32.4,1
2,107.747,85.5846,22.1624,0.936,80.64516,1.213,83.628,31.664,59.9536,62.1,20.1,22.6,30.6,68.7,32.6,35.8,15,103.304,99.9512,3.35293,0.627,68.75,1.657,10.319,14.203,66.6594,68.9,20.9,22.4,33.2,67.3,34.8,33.1,1
15,103.304,99.9512,3.35293,0.627,68.75,1.657,10.319,14.203,66.6594,68.9,20.9,22.4,33.2,67.3,34.8,33.1,2,107.747,85.5846,22.1624,0.936,80.64516,1.213,83.628,31.664,59.9536,62.1,20.1,22.6,30.6,68.7,32.6,35.8,0
1,122.482,92.5582,29.9242,0.972,81.81818,1.679,80.895,32.801,65.7072,68.1,19.1,21.2,39.7,68.5,32.1,41.1,16,99.5556,101.23,-1.67462,0.451,58.82353,1.667,18.227,10.325,62.5026,64.5,17.2,21.3,29.2,69.5,32.1,33.3,0
16,99.5556,101.23,-1.67462,0.451,58.82353,1.667,18.227,10.325,62.5026,64.5,17.2,21.3,29.2,69.5,32.1,33.3,1,122.482,92.5582,29.9242,0.972,81.81818,1.679,80.895,32.801,65.7072,68.1,19.1,21.2,39.7,68.5,32.1,41.1,1
8,116.772,99.3673,17.4046,0.869,70.58824,1.692,88.25,27.234,66.1873,68.2,17.9,16.9,34.9,67.0,23.7,39.3,9,111.464,99.5026,11.9609,0.8,71.875,2.384,30.212,24.902,65.1334,67.1,16.2,20.2,31.2,68.1,37.2,33.4,1
9,111.464,99.5026,11.9609,0.8,71.875,2.384,30.212,24.902,65.1334,67.1,16.2,20.2,31.2,68.1,37.2,33.4,8,116.772,99.3673,17.4046,0.869,70.58824,1.692,88.25,27.234,66.1873,68.2,17.9,16.9,34.9,67.0,23.7,39.3,0
5,106.858,89.633,17.2254,0.877,72.72727,1.466,72.603,24.074,67.0633,69.3,20.3,18.6,33.5,72.8,34.7,32.7,12,107.434,94.7044,12.7298,0.798,64.51613,1.698,60.347,27.791,63.887,66.4,18.8,16.6,32.8,69.4,23.4,30.4,1
12,107.434,94.7044,12.7298,0.798,64.51613,1.698,60.347,27.791,63.887,66.4,18.8,16.6,32.8,69.4,23.4,30.4,5,106.858,89.633,17.2254,0.877,72.72727,1.466,72.603,24.074,67.0633,69.3,20.3,18.6,33.5,72.8,34.7,32.7,0
4,114.546,91.9806,22.5652,0.935,74.28571,1.746,74.073,31.803,62.6287,65.7,19.1,23.4,39.8,65.6,31.0,33.4,13,105.569,102.857,2.71159,0.536,79.31034,1.764,13.694,11.573,61.796,63.8,18.9,18.5,25.1,69.4,35.5,37.8,0
13,105.569,102.857,2.71159,0.536,79.31034,1.764,13.694,11.573,61.796,63.8,18.9,18.5,25.1,69.4,35.5,37.8,4,114.546,91.9806,22.5652,0.935,74.28571,1.746,74.073,31.803,62.6287,65.7,19.1,23.4,39.8,65.6,31.0,33.4,1
6,110.071,95.2626,14.8086,0.856,75.75758,1.706,60.376,29.694,62.5561,64.4,20.5,17.3,36.2,74.0,35.7,34.3,11,107.882,94.4384,13.4434,0.808,84.375,2.186,1.731,13.42,60.9891,63.3,15.1,14.3,29.6,75.8,24.3,36.0,0
11,107.882,94.4384,13.4434,0.808,84.375,2.186,1.731,13.42,60.9891,63.3,15.1,14.3,29.6,75.8,24.3,36.0,6,110.071,95.2626,14.8086,0.856,75.75758,1.706,60.376,29.694,62.5561,64.4,20.5,17.3,36.2,74.0,35.7,34.3,1
3,113.994,95.3386,18.6549,0.894,74.19355,1.991,71.951,31.449,62.8067,64.9,21.0,19.9,37.8,66.8,26.9,30.1,14,112.441,101.27,11.1711,0.775,78.125,2.27,23.91,13.113,63.2755,65.4,17.0,18.9,29.2,72.1,38.5,36.6,0
14,112.441,101.27,11.1711,0.775,78.125,2.27,23.91,13.113,63.2755,65.4,17.0,18.9,29.2,72.1,38.5,36.6,3,113.994,95.3386,18.6549,0.894,74.19355,1.991,71.951,31.449,62.8067,64.9,21.0,19.9,37.8,66.8,26.9,30.1,1
7,110.496,95.3564,15.1395,0.86,62.5,2.178,73.254,36.349,64.2338,66.4,17.6,21.9,33.4,66.8,40.9,32.1,10,107.269,92.4737,14.7956,0.85,65.625,1.163,58.643,29.032,63.0028,65.6,19.9,19.4,33.9,69.5,28.7,34.7,0
10,107.269,92.4737,14.7956,0.85,65.625,1.163,58.643,29.032,63.0028,65.6,19.9,19.4,33.9,69.5,28.7,34.7,7,110.496,95.3564,15.1395,0.86,62.5,2.178,73.254,36.349,64.2338,66.4,17.6,21.9,33.4,66.8,40.9,32.1,1
2,113.044,90.7587,22.2852,0.917,81.81818,2.369,61.939,27.681,61.2753,63.2,16.9,18.4,30.8,72.1,34.9,35.8,15,106.871,101.331,5.53976,0.628,62.5,2.518,1.732,15.835,61.5719,63.3,17.7,20.1,29.4,69.4,31.8,39.1,0
15,106.871,101.331,5.53976,0.628,62.5,2.518,1.732,15.835,61.5719,63.3,17.7,20.1,29.4,69.4,31.8,39.1,2,113.044,90.7587,22.2852,0.917,81.81818,2.369,61.939,27.681,61.2753,63.2,16.9,18.4,30.8,72.1,34.9,35.8,1
1,114.313,83.1717,31.1411,0.969,85.29412,1.726,70.481,31.558,65.2907,67.5,18.7,27.6,38.4,66.3,30.3,33.1,8,118.136,97.9562,20.1795,0.877,74.19355,2.496,33.913,23.522,62.9945,64.8,16.7,16.9,41.8,76.7,27.3,33.4,0
8,118.136,97.9562,20.1795,0.877,74.19355,2.496,33.913,23.522,62.9945,64.8,16.7,16.9,41.8,76.7,27.3,33.4,1,114.313,83.1717,31.1411,0.969,85.29412,1.726,70.481,31.558,65.2907,67.5,18.7,27.6,38.4,66.3,30.3,33.1,1
12,105.529,90.6673,14.8613,0.851,76.47059,1.899,45.898,23.326,67.0931,69.2,21.3,22.3,36.1,72.2,27.4,32.3,4,108.951,88.6822,20.269,0.906,81.81818,2.237,16.692,21.79,63.0796,64.7,17.6,23.4,28.1,71.7,34.3,34.7,0
4,108.951,88.6822,20.269,0.906,81.81818,2.237,16.692,21.79,63.0796,64.7,17.6,23.4,28.1,71.7,34.3,34.7,12,105.529,90.6673,14.8613,0.851,76.47059,1.899,45.898,23.326,67.0931,69.2,21.3,22.3,36.1,72.2,27.4,32.3,1
6,108.62,91.9204,16.6993,0.872,88.23529,1.761,72.385,18.445,67.7883,69.5,20.8,22.0,36.2,69.4,28.3,37.9,3,112.662,89.423,23.2393,0.922,75.0,1.306,87.215,37.025,62.5852,64.6,20.5,19.7,35.5,71.7,27.3,34.4,1
3,112.662,89.423,23.2393,0.922,75.0,1.306,87.215,37.025,62.5852,64.6,20.5,19.7,35.5,71.7,27.3,34.4,6,108.62,91.9204,16.6993,0.872,88.23529,1.761,72.385,18.445,67.7883,69.5,20.8,22.0,36.2,69.4,28.3,37.9,0
7,119.389,97.1644,22.2247,0.919,79.41176,1.914,38.512,22.691,63.0944,65.3,18.8,16.2,29.2,73.0,39.6,42.1,2,119.646,92.9223,26.724,0.95,84.375,1.785,84.2,29.848,66.0764,68.1,15.6,20.9,29.4,67.1,33.3,40.6,1
2,119.646,92.9223,26.724,0.95,84.375,1.785,84.2,29.848,66.0764,68.1,15.6,20.9,29.4,67.1,33.3,40.6,7,119.389,97.1644,22.2247,0.919,79.41176,1.914,38.512,22.691,63.0944,65.3,18.8,16.2,29.2,73.0,39.6,42.1,0
1,120.831,91.8845,28.9467,0.961,93.75,1.767,33.185,22.395,62.4727,65.2,17.1,20.9,37.4,69.8,31.1,36.4,9,109.966,92.5764,17.3895,0.867,76.47059,1.983,6.608,22.177,62.4159,64.8,19.8,20.4,38.0,74.7,35.2,33.7,1
9,109.966,92.5764,17.3895,0.867,76.47059,1.983,6.608,22.177,62.4159,64.8,19.8,20.4,38.0,74.7,35.2,33.7,1,120.831,91.8845,28.9467,0.961,93.75,1.767,33.185,22.395,62.4727,65.2,17.1,20.9,37.4,69.8,31.1,36.4,0
12,112.338,95.8159,16.5223,0.824,76.47059,1.846,66.788,21.197,68.7636,71.1,15.8,21.7,33.8,68.1,33.2,33.0,13,110.546,97.2446,13.3018,0.833,70.0,1.728,25.678,23.333,64.3651,66.6,17.3,22.0,29.6,67.1,35.7,37.1,1
13,110.546,97.2446,13.3018,0.833,70.0,1.728,25.678,23.333,64.3651,66.6,17.3,22.0,29.6,67.1,35.7,37.1,12,112.338,95.8159,16.5223,0.824,76.47059,1.846,66.788,21.197,68.7636,71.1,15.8,21.7,33.8,68.1,33.2,33.0,0
6,114.263,93.7326,20.5305,0.91,78.125,1.621,89.719,26.545,64.9417,67.0,19.5,20.5,35.4,72.8,37.9,36.3,14,108.139,101.233,6.90592,0.659,66.66667,1.292,23.885,17.558,62.4831,64.9,21.1,21.1,26.1,68.5,33.8,40.1,0
14,108.139,101.233,6.90592,0.659,66.66667,1.292,23.885,17.558,62.4831,64.9,21.1,21.1,26.1,68.5,33.8,40.1,6,114.263,93.7326,20.5305,0.91,78.125,1.621,89.719,26.545,64.9417,67.0,19.5,20.5,35.4,72.8,37.9,36.3,1
10,116.863,100.569,16.2941,0.862,66.66667,2.282,48.784,27.483,67.5365,69.6,18.6,18.5,34.6,71.1,43.9,37.0,2,114.487,89.3191,25.1682,0.94,78.78788,1.639,82.682,34.432,62.2577,65.0,16.6,20.7,32.2,72.4,31.1,35.1,1
2,114.487,89.3191,25.1682,0.94,78.78788,1.639,82.682,34.432,62.2577,65.0,16.6,20.7,32.2,72.4,31.1,35.1,10,116.863,100.569,16.2941,0.862,66.66667,2.282,48.784,27.483,67.5365,69.6,18.6,18.5,34.6,71.1,43.9,37.0,0
1,113.253,87.8314,25.4211,0.956,85.29412,1.865,78.41,27.947,65.5441,67.7,19.9,18.7,34.3,71.2,29.6,36.7,8,112.478,95.3146,17.1634,0.875,69.69697,1.252,89.557,29.188,68.7962,71.4,17.1,21.2,35.1,69.1,30.7,37.0,0
8,112.478,95.3146,17.1634,0.875,69.69697,1.252,89.557,29.188,68.7962,71.4,17.1,21.2,35.1,69.1,30.7,37.0,1,113.253,87.8314,25.4211,0.956,85.29412,1.865,78.41,27.947,65.5441,67.7,19.9,18.7,34.3,71.2,29.6,36.7,1
5,113.747,94.4178,19.3295,0.917,76.47059,1.728,39.731,22.954,65.764,68.3,17.1,28.6,37.0,65.3,36.2,35.2,4,120.868,95.8775,24.9907,0.939,78.125,0.784,74.354,32.68,62.8699,64.8,14.3,18.9,32.5,70.4,34.0,37.5,1
4,120.868,95.8775,24.9907,0.939,78.125,0.784,74.354,32.68,62.8699,64.8,14.3,18.9,32.5,70.4,34.0,37.5,5,113.747,94.4178,19.3295,0.917,76.47059,1.728,39.731,22.954,65.764,68.3,17.1,28.6,37.0,65.3,36.2,35.2,0
11,113.792,94.6477,19.1442,0.912,62.5,1.964,46.837,34.85,61.1328,64.0,21.7,20.1,44.1,67.1,29.6,32.6,3,118.162,86.1792,31.9831,0.975,78.78788,2.172,74.049,24.664,60.6898,62.7,17.7,22.4,34.0,71.4,40.5,38.0,1
3,118.162,86.1792,31.9831,0.975,78.78788,2.172,74.049,24.664,60.6898,62.7,17.7,22.4,34.0,71.4,40.5,38.0,11,113.792,94.6477,19.1442,0.912,62.5,1.964,46.837,34.85,61.1328,64.0,21.7,20.1,44.1,67.1,29.6,32.6,0
7,107.707,89.1276,18.5799,0.88,66.66667,1.862,33.671,25.928,64.8362,67.0,17.9,18.3,31.5,72.0,32.4,32.4,15,103.304,99.9512,3.35293,0.627,68.75,1.657,10.319,14.203,66.6594,68.9,20.9,22.4,33.2,67.3,34.8,33.1,1
15,103.304,99.9512,3.35293,0.627,68.75,1.657,10.319,14.203,66.6594,68.9,20.9,22.4,33.2,67.3,34.8,33.1,7,107.707,89.1276,18.5799,0.88,66.66667,1.862,33.671,25.928,64.8362,67.0,17.9,18.3,31.5,72.0,32.4,32.4,0
1,122.482,92.5582,29.9242,0.972,81.81818,1.679,80.895,32.801,65.7072,68.1,19.1,21.2,39.7,68.5,32.1,41.1,9,111.464,99.5026,11.9609,0.8,71.875,2.384,30.212,24.902,65.1334,67.1,16.2,20.2,31.2,68.1,37.2,33.4,0
9,111.464,99.5026,11.9609,0.8,71.875,2.384,30.212,24.902,65.1334,67.1,16.2,20.2,31.2,68.1,37.2,33.4,1,122.482,92.5582,29.9242,0.972,81.81818,1.679,80.895,32.801,65.7072,68.1,19.1,21.2,39.7,68.5,32.1,41.1,1
12,107.434,94.7044,12.7298,0.798,64.51613,1.698,60.347,27.791,63.887,66.4,18.8,16.6,32.8,69.4,23.4,30.4,4,114.546,91.9806,22.5652,0.935,74.28571,1.746,74.073,31.803,62.6287,65.7,19.1,23.4,39.8,65.6,31.0,33.4,1
4,114.546,91.9806,22.5652,0.935,74.28571,1.746,74.073,31.803,62.6287,65.7,19.1,23.4,39.8,65.6,31.0,33.4,12,107.434,94.7044,12.7298,0.798,64.51613,1.698,60.347,27.791,63.887,66.4,18.8,16.6,32.8,69.4,23.4,30.4,0
6,110.071,95.2626,14.8086,0.856,75.75758,1.706,60.376,29.694,62.5561,64.4,20.5,17.3,36.2,74.0,35.7,34.3,3,113.994,95.3386,18.6549,0.894,74.19355,1.991,71.951,31.449,62.8067,64.9,21.0,19.9,37.8,66.8,26.9,30.1,1
3,113.994,95.3386,18.6549,0.894,74.19355,1.991,71.951,31.449,62.8067,64.9,21.0,19.9,37.8,66.8,26.9,30.1,6,110.071,95.2626,14.8086,0.856,75.75758,1.706,60.376,29.694,62.5561,64.4,20.5,17.3,36.2,74.0,35.7,34.3,0
7,110.496,95.3564,15.1395,0.86,62.5,2.178,73.254,36.349,64.2338,66.4,17.6,21.9,33.4,66.8,40.9,32.1,2,113.044,90.7587,22.2852,0.917,81.81818,2.369,61.939,27.681,61.2753,63.2,16.9,18.4,30.8,72.1,34.9,35.8,1
2,113.044,90.7587,22.2852,0.917,81.81818,2.369,61.939,27.681,61.2753,63.2,16.9,18.4,30.8,72.1,34.9,35.8,7,110.496,95.3564,15.1395,0.86,62.5,2.178,73.254,36.349,64.2338,66.4,17.6,21.9,33.4,66.8,40.9,32.1,0
1,114.313,83.1717,31.1411,0.969,85.29412,1.726,70.481,31.558,65.2907,67.5,18.7,27.6,38.4,66.3,30.3,33.1,12,105.529,90.6673,14.8613,0.851,76.47059,1.899,45.898,23.326,67.0931,69.2,21.3,22.3,36.1,72.2,27.4,32.3,0
12,105.529,90.6673,14.8613,0.851,76.47059,1.899,45.898,23.326,67.0931,69.2,21.3,22.3,36.1,72.2,27.4,32.3,1,114.313,83.1717,31.1411,0.969,85.29412,1.726,70.481,31.558,65.2907,67.5,18.7,27.6,38.4,66.3,30.3,33.1,1
3,112.662,89.423,23.2393,0.922,75.0,1.306,87.215,37.025,62.5852,64.6,20.5,19.7,35.5,71.7,27.3,34.4,2,119.646,92.9223,26.724,0.95,84.375,1.785,84.2,29.848,66.0764,68.1,15.6,20.9,29.4,67.1,33.3,40.6,1
2,119.646,92.9223,26.724,0.95,84.375,1.785,84.2,29.848,66.0764,68.1,15.6,20.9,29.4,67.1,33.3,40.6,3,112.662,89.423,23.2393,0.922,75.0,1.306,87.215,37.025,62.5852,64.6,20.5,19.7,35.5,71.7,27.3,34.4,0
9,109.966,92.5764,17.3895,0.867,76.47059,1.983,6.608,22.177,62.4159,64.8,19.8,20.4,38.0,74.7,35.2,33.7,13,110.546,97.2446,13.3018,0.833,70.0,1.728,25.678,23.333,64.3651,66.6,17.3,22.0,29.6,67.1,35.7,37.1,0
13,110.546,97.2446,13.3018,0.833,70.0,1.728,25.678,23.333,64.3651,66.6,17.3,22.0,29.6,67.1,35.7,37.1,9,109.966,92.5764,17.3895,0.867,76.47059,1.983,6.608,22.177,62.4159,64.8,19.8,20.4,38.0,74.7,35.2,33.7,1
6,114.263,93.7326,20.5305,0.91,78.125,1.621,89.719,26.545,64.9417,67.0,19.5,20.5,35.4,72.8,37.9,36.3,2,114.487,89.3191,25.1682,0.94,78.78788,1.639,82.682,34.432,62.2577,65.0,16.6,20.7,32.2,72.4,31.1,35.1,1
2,114.487,89.3191,25.1682,0.94,78.78788,1.639,82.682,34.432,62.2577,65.0,16.6,20.7,32.2,72.4,31.1,35.1,6,114.263,93.7326,20.5305,0.91,78.125,1.621,89.719,26.545,64.9417,67.0,19.5,20.5,35.4,72.8,37.9,36.3,0
1,113.253,87.8314,25.4211,0.956,85.29412,1.865,78.41,27.947,65.5441,67.7,19.9,18.7,34.3,71.2,29.6,36.7,4,120.868,95.8775,24.9907,0.939,78.125,0.784,74.354,32.68,62.8699,64.8,14.3,18.9,32.5,70.4,34.0,37.5,1
4,120.868,95.8775,24.9907,0.939,78.125,0.784,74.354,32.68,62.8699,64.8,14.3,18.9,32.5,70.4,34.0,37.5,1,113.253,87.8314,25.4211,0.956,85.29412,1.865,78.41,27.947,65.5441,67.7,19.9,18.7,34.3,71.2,29.6,36.7,0
3,118.162,86.1792,31.9831,0.975,78.78788,2.172,74.049,24.664,60.6898,62.7,17.7,22.4,34.0,71.4,40.5,38.0,15,103.304,99.9512,3.35293,0.627,68.75,1.657,10.319,14.203,66.6594,68.9,20.9,22.4,33.2,67.3,34.8,33.1,0
15,103.304,99.9512,3.35293,0.627,68.75,1.657,10.319,14.203,66.6594,68.9,20.9,22.4,33.2,67.3,34.8,33.1,3,118.162,86.1792,31.9831,0.975,78.78788,2.172,74.049,24.664,60.6898,62.7,17.7,22.4,34.0,71.4,40.5,38.0,1
1,122.482,92.5582,29.9242,0.972,81.81818,1.679,80.895,32.801,65.7072,68.1,19.1,21.2,39.7,68.5,32.1,41.1,4,114.546,91.9806,22.5652,0.935,74.28571,1.746,74.073,31.803,62.6287,65.7,19.1,23.4,39.8,65.6,31.0,33.4,1
4,114.546,91.9806,22.5652,0.935,74.28571,1.746,74.073,31.803,62.6287,65.7,19.1,23.4,39.8,65.6,31.0,33.4,1,122.482,92.5582,29.9242,0.972,81.81818,1.679,80.895,32.801,65.7072,68.1,19.1,21.2,39.7,68.5,32.1,41.1,0
3,113.994,95.3386,18.6549,0.894,74.19355,1.991,71.951,31.449,62.8067,64.9,21.0,19.9,37.8,66.8,26.9,30.1,2,113.044,90.7587,22.2852,0.917,81.81818,2.369,61.939,27.681,61.2753,63.2,16.9,18.4,30.8,72.1,34.9,35.8,0
2,113.044,90.7587,22.2852,0.917,81.81818,2.369,61.939,27.681,61.2753,63.2,16.9,18.4,30.8,72.1,34.9,35.8,3,113.994,95.3386,18.6549,0.894,74.19355,1.991,71.951,31.449,62.8067,64.9,21.0,19.9,37.8,66.8,26.9,30.1,1
1,114.313,83.1717,31.1411,0.969,85.29412,1.726,70.481,31.558,65.2907,67.5,18.7,27.6,38.4,66.3,30.3,33.1,2,119.646,92.9223,26.724,0.95,84.375,1.785,84.2,29.848,66.0764,68.1,15.6,20.9,29.4,67.1,33.3,40.6,0
2,119.646,92.9223,26.724,0.95,84.375,1.785,84.2,29.848,66.0764,68.1,15.6,20.9,29.4,67.1,33.3,40.6,1,114.313,83.1717,31.1411,0.969,85.29412,1.726,70.481,31.558,65.2907,67.5,18.7,27.6,38.4,66.3,30.3,33.1,1
9,109.966,92.5764,17.3895,0.867,76.47059,1.983,6.608,22.177,62.4159,64.8,19.8,20.4,38.0,74.7,35.2,33.7,2,114.487,89.3191,25.1682,0.94,78.78788,1.639,82.682,34.432,62.2577,65.0,16.6,20.7,32.2,72.4,31.1,35.1,0
2,114.487,89.3191,25.1682,0.94,78.78788,1.639,82.682,34.432,62.2577,65.0,16.6,20.7,32.2,72.4,31.1,35.1,9,109.966,92.5764,17.3895,0.867,76.47059,1.983,6.608,22.177,62.4159,64.8,19.8,20.4,38.0,74.7,35.2,33.7,1
4,120.868,95.8775,24.9907,0.939,78.125,0.784,74.354,32.68,62.8699,64.8,14.3,18.9,32.5,70.4,34.0,37.5,3,118.162,86.1792,31.9831,0.975,78.78788,2.172,74.049,24.664,60.6898,62.7,17.7,22.4,34.0,71.4,40.5,38.0,0
3,118.162,86.1792,31.9831,0.975,78.78788,2.172,74.049,24.664,60.6898,62.7,17.7,22.4,34.0,71.4,40.5,38.0,4,120.868,95.8775,24.9907,0.939,78.125,0.784,74.354,32.68,62.8699,64.8,14.3,18.9,32.5,70.4,34.0,37.5,1
4,114.546,91.9806,22.5652,0.935,74.28571,1.746,74.073,31.803,62.6287,65.7,19.1,23.4,39.8,65.6,31.0,33.4,3,113.994,95.3386,18.6549,0.894,74.19355,1.991,71.951,31.449,62.8067,64.9,21.0,19.9,37.8,66.8,26.9,30.1,0
3,113.994,95.3386,18.6549,0.894,74.19355,1.991,71.951,31.449,62.8067,64.9,21.0,19.9,37.8,66.8,26.9,30.1,4,114.546,91.9806,22.5652,0.935,74.28571,1.746,74.073,31.803,62.6287,65.7,19.1,23.4,39.8,65.6,31.0,33.4,1
1,114.313,83.1717,31.1411,0.969,85.29412,1.726,70.481,31.558,65.2907,67.5,18.7,27.6,38.4,66.3,30.3,33.1,9,109.966,92.5764,17.3895,0.867,76.47059,1.983,6.608,22.177,62.4159,64.8,19.8,20.4,38.0,74.7,35.2,33.7,0
9,109.966,92.5764,17.3895,0.867,76.47059,1.983,6.608,22.177,62.4159,64.8,19.8,20.4,38.0,74.7,35.2,33.7,1,114.313,83.1717,31.1411,0.969,85.29412,1.726,70.481,31.558,65.2907,67.5,18.7,27.6,38.4,66.3,30.3,33.1,1
4,120.868,95.8775,24.9907,0.939,78.125,0.784,74.354,32.68,62.8699,64.8,14.3,18.9,32.5,70.4,34.0,37.5,4,114.546,91.9806,22.5652,0.935,74.28571,1.746,74.073,31.803,62.6287,65.7,19.1,23.4,39.8,65.6,31.0,33.4,0
4,114.546,91.9806,22.5652,0.935,74.28571,1.746,74.073,31.803,62.6287,65.7,19.1,23.4,39.8,65.6,31.0,33.4,4,120.868,95.8775,24.9907,0.939,78.125,0.784,74.354,32.68,62.8699,64.8,14.3,18.9,32.5,70.4,34.0,37.5,1
1,114.313,83.1717,31.1411,0.969,85.29412,1.726,70.481,31.558,65.2907,67.5,18.7,27.6,38.4,66.3,30.3,33.1,4,120.868,95.8775,24.9907,0.939,78.125,0.784,74.354,32.68,62.8699,64.8,14.3,18.9,32.5,70.4,34.0,37.5,0
4,120.868,95.8775,24.9907,0.939,78.125,0.784,74.354,32.68,62.8699,64.8,14.3,18.9,32.5,70.4,34.0,37.5,1,114.313,83.1717,31.1411,0.969,85.29412,1.726,70.481,31.558,65.2907,67.5,18.7,27.6,38.4,66.3,30.3,33.1,1
1,120.566,88.8382,31.7277,0.97,94.11765,0.776,95.267,27.605,64.0843,66.1,17.2,18.1,38.4,69.0,27.3,37.1,16,98.1875,101.022,-2.83435,0.41,45.45455,0.852,33.406,14.83,66.9018,68.6,21.9,21.3,33.6,67.2,33.2,30.8,0
16,98.1875,101.022,-2.83435,0.41,45.45455,0.852,33.406,14.83,66.9018,68.6,21.9,21.3,33.6,67.2,33.2,30.8,1,120.566,88.8382,31.7277,0.97,94.11765,0.776,95.267,27.605,64.0843,66.1,17.2,18.1,38.4,69.0,27.3,37.1,1
8,112.844,96.3879,16.4561,0.855,68.75,1.884,63.108,26.236,65.1229,67.2,18.5,17.6,32.2,73.7,42.2,38.0,9,111.126,96.1075,15.0185,0.858,60.60606,0.802,66.842,28.532,62.2672,64.2,19.3,16.9,36.8,65.4,29.2,33.1,0
9,111.126,96.1075,15.0185,0.858,60.60606,0.802,66.842,28.532,62.2672,64.2,19.3,16.9,36.8,65.4,29.2,33.1,8,112.844,96.3879,16.4561,0.855,68.75,1.884,63.108,26.236,65.1229,67.2,18.5,17.6,32.2,73.7,42.2,38.0,1
5,116.963,93.7271,23.2362,0.93,83.87097,2.468,13.827,19.263,65.0878,66.8,17.9,18.7,33.5,73.7,33.1,37.0,12,107.166,94.5327,12.6331,0.82,82.35294,1.398,36.77,15.249,64.298,66.1,17.4,27.3,33.8,66.0,38.8,33.7,1
12,107.166,94.5327,12.6331,0.82,82.35294,1.398,36.77,15.249,64.298,66.1,17.4,27.3,33.8,66.0,38.8,33.7,5,116.963,93.7271,23.2362,0.93,83.87097,2.468,13.827,19.263,65.0878,66.8,17.9,18.7,33.5,73.7,33.1,37.0,0
4,119.547,97.0081,22.5388,0.918,75.75758,1.608,76.334,30.826,66.0427,67.8,19.1,20.3,35.5,68.8,27.7,43.3,13,109.141,97.4887,11.6518,0.728,72.72727,1.98,16.361,13.259,69.1013,71.1,20.7,20.4,40.7,70.3,24.6,32.8,0
13,109.141,97.4887,11.6518,0.728,72.72727,1.98,16.361,13.259,69.1013,71.1,20.7,20.4,40.7,70.3,24.6,32.8,4,119.547,97.0081,22.5388,0.918,75.75758,1.608,76.334,30.826,66.0427,67.8,19.1,20.3,35.5,68.8,27.7,43.3,1
6,109.975,93.9097,16.0655,0.875,75.0,2.209,64.975,23.486,67.7911,69.9,19.5,21.0,32.6,69.8,38.5,37.3,11,104.614,96.2689,8.34556,0.761,65.625,1.659,46.976,22.136,64.2147,65.9,19.2,18.7,29.3,71.5,31.6,34.1,1
11,104.614,96.2689,8.34556,0.761,65.625,1.659,46.976,22.136,64.2147,65.9,19.2,18.7,29.3,71.5,31.6,34.1,6,109.975,93.9097,16.0655,0.875,75.0,2.209,64.975,23.486,67.7911,69.9,19.5,21.0,32.6,69.8,38.5,37.3,0
3,115.656,94.2364,21.4193,0.91,78.78788,1.568,60.038,30.445,64.8088,66.7,20.6,21.3,37.6,67.1,31.9,37.7,14,113.756,102.043,11.7129,0.767,78.125,1.476,5.666,12.437,64.332,66.3,15.6,19.2,30.5,71.8,37.1,39.3,0
14,113.756,102.043,11.7129,0.767,78.125,1.476,5.666,12.437,64.332,66.3,15.6,19.2,30.5,71.8,37.1,39.3,3,115.656,94.2364,21.4193,0.91,78.78788,1.568,60.038,30.445,64.8088,66.7,20.6,21.3,37.6,67.1,31.9,37.7,1
7,110.251,96.0393,14.2112,0.789,66.66667,1.48,73.672,28.605,59.5561,62.2,16.0,17.3,30.7,67.9,36.8,32.9,10,107.588,95.9824,11.6059,0.791,63.63636,1.985,65.926,26.514,65.9384,67.9,18.6,18.6,31.6,69.9,25.2,34.9,1
10,107.588,95.9824,11.6059,0.791,63.63636,1.985,65.926,26.514,65.9384,67.9,18.6,18.6,31.6,69.9,25.2,34.9,7,110.251,96.0393,14.2112,0.789,66.66667,1.48,73.672,28.605,59.5561,62.2,16.0,17.3,30.7,67.9,36.8,32.9,0
2,117.909,97.043,20.8659,0.914,81.81818,1.486,74.552,30.241,65.6315,68.3,17.7,18.8,34.7,67.8,38.4,37.6,15,108.606,99.6982,8.90823,0.708,78.125,1.814,4.923,12.009,67.0402,68.7,16.8,21.4,31.4,70.8,36.1,35.5,1
15,108.606,99.6982,8.90823,0.708,78.125,1.814,4.923,12.009,67.0402,68.7,16.8,21.4,31.4,70.8,36.1,35.5,2,117.909,97.043,20.8659,0.914,81.81818,1.486,74.552,30.241,65.6315,68.3,17.7,18.8,34.7,67.8,38.4,37.6,0
1,115.088,86.2697,28.8179,0.953,79.41176,1.672,67.935,34.349,63.9032,66.1,19.8,19.7,37.2,72.5,27.8,36.5,16,108.1,107.557,0.542871,0.532,75.75758,1.971,11.914,9.99,72.7955,74.3,21.5,18.4,34.8,66.0,31.2,36.8,0
16,108.1,107.557,0.542871,0.532,75.75758,1.971,11.914,9.99,72.7955,74.3,21.5,18.4,34.8,66.0,31.2,36.8,1,115.088,86.2697,28.8179,0.953,79.41176,1.672,67.935,34.349,63.9032,66.1,19.8,19.7,37.2,72.5,27.8,36.5,1
8,114.7,92.1444,22.5554,0.91,76.47059,1.304,80.817,21.423,66.8618,68.4,18.7,20.5,31.4,67.1,26.9,36.9,9,111.629,91.0501,20.5785,0.922,77.41935,1.765,30.227,20.497,61.301,62.4,17.8,23.4,31.9,70.6,36.3,36.9,1
9,111.629,91.0501,20.5785,0.922,77.41935,1.765,30.227,20.497,61.301,62.4,17.8,23.4,31.9,70.6,36.3,36.9,8,114.7,92.1444,22.5554,0.91,76.47059,1.304,80.817,21.423,66.8618,68.4,18.7,20.5,31.4,67.1,26.9,36.9,0
5,110.405,90.4523,19.9522,0.903,81.25,1.64,42.692,17.632,65.0743,66.8,20.0,21.4,34.0,72.7,36.9,38.5,12,111.581,95.9447,15.6363,0.804,74.19355,2.443,9.819,20.418,65.5618,67.2,19.0,21.7,34.2,68.4,33.6,35.8,0
12,111.581,95.9447,15.6363,0.804,74.19355,2.443,9.819,20.418,65.5618,67.2,19.0,21.7,34.2,68.4,33.6,35.8,5,110.405,90.4523,19.9522,0.903,81.25,1.64,42.692,17.632,65.0743,66.8,20.0,21.4,34.0,72.7,36.9,38.5,1
4,105.207,86.3916,18.8157,0.897,74.28571,1.735,73.332,29.249,65.9921,67.5,21.4,23.2,36.2,65.7,33.2,31.1,13,111.768,101.075,10.6934,0.787,77.41935,1.524,26.31,14.315,66.7002,68.4,17.2,17.6,35.1,73.3,38.5,34.0,0
13,111.768,101.075,10.6934,0.787,77.41935,1.524,26.31,14.315,66.7002,68.4,17.2,17.6,35.1,73.3,38.5,34.0,4,105.207,86.3916,18.8157,0.897,74.28571,1.735,73.332,29.249,65.9921,67.5,21.4,23.2,36.2,65.7,33.2,31.1,1
6,110.21,95.1414,15.069,0.819,96.42857,2.203,4.462,10.654,64.2846,66.1,20.9,24.0,34.7,65.2,35.2,40.7,11,113.273,103.767,9.50647,0.724,64.51613,2.092,17.155,21.586,63.0838,64.7,19.1,18.5,28.4,70.5,29.2,40.5,0
11,113.273,103.767,9.50647,0.724,64.51613,2.092,17.155,21.586,63.0838,64.7,19.1,18.5,28.4,70.5,29.2,40.5,6,110.21,95.1414,15.069,0.819,96.42857,2.203,4.462,10.654,64.2846,66.1,20.9,24.0,34.7,65.2,35.2,40.7,1
3,112.422,93.0852,19.3365,0.897,78.125,1.646,52.745,28.97,69.187,71.1,18.8,23.6,34.4,63.8,29.2,33.7,14,106.894,93.9601,12.9336,0.818,74.19355,1.668,12.537,17.804,71.6581,72.7,17.8,21.5,30.4,73.4,32.6,34.8,0
14,106.894,93.9601,12.9336,0.818,74.19355,1.668,12.537,17.804,71.6581,72.7,17.8,21.5,30.4,73.4,32.6,34.8,3,112.422,93.0852,19.3365,0.897,78.125,1.646,52.745,28.97,69.187,71.1,18.8,23.6,34.4,63.8,29.2,33.7,1
7,120.271,99.98,20.2909,0.914,69.69697,1.452,83.164,29.274,63.4917,65.6,16.6,19.7,33.8,69.0,44.4,39.0,10,106.186,88.8224,17.3633,0.882,70.96774,1.701,59.204,24.63,58.3843,60.4,18.6,21.1,27.9,74.6,29.5,33.7,0
10,106.186,88.8224,17.3633,0.882,70.96774,1.701,59.204,24.63,58.3843,60.4,18.6,21.1,27.9,74.6,29.5,33.7,7,120.271,99.98,20.2909,0.914,69.69697,1.452,83.164,29.274,63.4917,65.6,16.6,19.7,33.8,69.0,44.4,39.0,1
2,124.486,97.8055,26.6802,0.946,88.23529,2.486,56.368,26.073,64.7708,66.7,15.4,21.6,30.6,68.1,37.5,39.5,15,99.5279,101.974,-2.44646,0.439,75.0,2.318,2.297,10.649,66.0683,68.0,21.4,19.7,33.6,67.0,31.4,31.4,1
15,99.5279,101.974,-2.44646,0.439,75.0,2.318,2.297,10.649,66.0683,68.0,21.4,19.7,33.6,67.0,31.4,31.4,2,124.486,97.8055,26.6802,0.946,88.23529,2.486,56.368,26.073,64.7708,66.7,15.4,21.6,30.6,68.1,37.5,39.5,0
1,116.026,90.5173,25.5085,0.945,93.93939,1.699,80.128,26.368,64.1527,66.2,16.0,25.2,36.6,60.7,31.3,34.5,16,109.605,104.64,4.96548,0.576,70.0,2.42,4.116,12.309,67.7396,69.6,19.1,22.4,32.9,65.0,33.5,34.8,0
16,109.605,104.64,4.96548,0.576,70.0,2.42,4.116,12.309,67.7396,69.6,19.1,22.4,32.9,65.0,33.5,34.8,1,116.026,90.5173,25.5085,0.945,93.93939,1.699,80.128,26.368,64.1527,66.2,16.0,25.2,36.6,60.7,31.3,34.5,1
8,109.953,91.6575,18.2953,0.869,67.74194,1.432,47.44,27.769,65.8239,67.5,21.3,23.8,40.8,66.3,29.7,34.2,9,111.225,99.9599,11.2651,0.78,74.19355,2.148,18.502,18.877,63.0961,64.7,16.4,21.3,36.6,71.5,30.0,35.5,0
9,111.225,99.9599,11.2651,0.78,74.19355,2.148,18.502,18.877,63.0961,64.7,16.4,21.3,36.6,71.5,30.0,35.5,8,109.953,91.6575,18.2953,0.869,67.74194,1.432,47.44,27.769,65.8239,67.5,21.3,23.8,40.8,66.3,29.7,34.2,1
5,114.775,94.4476,20.3275,0.914,70.58824,2.215,85.14,29.822,63.9958,65.9,19.8,19.2,32.1,68.0,41.3,38.9,12,108.398,93.6424,14.756,0.839,86.2069,1.721,22.898,13.314,59.748,61.2,20.5,19.8,30.9,73.3,34.4,35.5,0
12,108.398,93.6424,14.756,0.839,86.2069,1.721,22.898,13.314,59.748,61.2,20.5,19.8,30.9,73.3,34.4,35.5,5,114.775,94.4476,20.3275,0.914,70.58824,2.215,85.14,29.822,63.9958,65.9,19.8,19.2,32.1,68.0,41.3,38.9,1
4,111.961,88.662,23.2991,0.938,72.72727,1.85,58.91,30.936,57.0497,58.8,15.1,18.5,30.4,71.9,40.4,36.1,13,103.543,95.6693,7.87347,0.675,79.31034,1.995,24.191,8.906,63.555,65.7,18.6,22.2,27.8,68.6,31.6,38.3,0
13,103.543,95.6693,7.87347,0.675,79.31034,1.995,24.191,8.906,63.555,65.7,18.6,22.2,27.8,68.6,31.6,38.3,4,111.961,88.662,23.2991,0.938,72.72727,1.85,58.91,30.936,57.0497,58.8,15.1,18.5,30.4,71.9,40.4,36.1,1
6,109.258,94.1152,15.1423,0.869,70.58824,1.775,59.329,26.957,61.9205,64.2,16.4,21.7,36.1,65.3,34.9,34.3,11,113.26,96.748,16.5122,0.837,60.60606,0.977,83.811,30.593,64.1535,65.7,18.7,20.3,38.9,65.4,31.1,32.7,0
11,113.26,96.748,16.5122,0.837,60.60606,0.977,83.811,30.593,64.1535,65.7,18.7,20.3,38.9,65.4,31.1,32.7,6,109.258,94.1152,15.1423,0.869,70.58824,1.775,59.329,26.957,61.9205,64.2,16.4,21.7,36.1,65.3,34.9,34.3,1
3,107.767,89.7815,17.9858,0.899,72.72727,2.356,71.293,28.697,66.0495,67.7,23.7,22.2,35.7,67.0,31.6,35.3,14,110.138,98.5497,11.5887,0.807,64.51613,1.832,4.592,21.028,62.409,64.5,21.5,19.0,36.3,70.4,30.1,34.1,0
14,110.138,98.5497,11.5887,0.807,64.51613,1.832,4.592,21.028,62.409,64.5,21.5,19.0,36.3,70.4,30.1,34.1,3,107.767,89.7815,17.9858,0.899,72.72727,2.356,71.293,28.697,66.0495,67.7,23.7,22.2,35.7,67.0,31.6,35.3,1
7,111.604,94.5893,17.0149,0.862,80.64516,1.347,40.784,16.61,64.3904,66.2,19.9,19.6,34.8,72.2,32.3,37.6,10,111.599,97.0738,14.5249,0.848,59.375,1.421,65.605,27.223,63.2691,65.5,19.3,20.3,41.2,69.7,30.3,30.2,0
10,111.599,97.0738,14.5249,0.848,59.375,1.421,65.605,27.223,63.2691,65.5,19.3,20.3,41.2,69.7,30.3,30.2,7,111.604,94.5893,17.0149,0.862,80.64516,1.347,40.784,16.61,64.3904,66.2,19.9,19.6,34.8,72.2,32.3,37.6,1
2,117.705,87.8032,29.9016,0.97,79.41176,1.254,87.821,31.751,65.7505,68.1,17.4,22.5,35.7,75.1,26.1,32.6,15,103.745,100.068,3.6774,0.593,75.0,1.681,20.388,13.469,62.6291,64.5,20.7,21.8,39.0,67.0,27.3,34.0,0
15,103.745,100.068,3.6774,0.593,75.0,1.681,20.388,13.469,62.6291,64.5,20.7,21.8,39.0,67.0,27.3,34.0,2,117.705,87.8032,29.9016,0.97,79.41176,1.254,87.821,31.751,65.7505,68.1,17.4,22.5,35.7,75.1,26.1,32.6,1
1,117.11,90.8369,26.2727,0.95,85.29412,1.384,91.131,27.923,70.0151,72.7,16.2,18.5,40.5,72.3,22.9,34.0,16,104.447,100.224,4.2234,0.571,67.64706,1.394,8.069,10.413,61.3192,63.5,19.4,20.0,34.2,70.1,29.5,34.6,0
16,104.447,100.224,4.2234,0.571,67.64706,1.394,8.069,10.413,61.3192,63.5,19.4,20.0,34.2,70.1,29.5,34.6,1,117.11,90.8369,26.2727,0.95,85.29412,1.384,91.131,27.923,70.0151,72.7,16.2,18.5,40.5,72.3,22.9,34.0,1
8,119.641,102.559,17.0818,0.85,84.84848,1.548,35.4,19.015,65.4893,67.4,18.1,15.3,31.6,73.9,35.0,42.5,9,106.031,89.3714,16.6596,0.883,65.625,1.01,84.233,26.959,61.5091,63.1,20.4,21.4,33.9,68.1,27.1,28.5,0
9,106.031,89.3714,16.6596,0.883,65.625,1.01,84.233,26.959,61.5091,63.1,20.4,21.4,33.9,68.1,27.1,28.5,8,119.641,102.559,17.0818,0.85,84.84848,1.548,35.4,19.015,65.4893,67.4,18.1,15.3,31.6,73.9,35.0,42.5,1
5,114.086,98.5508,15.5352,0.864,76.66667,2.119,25.26,24.848,65.2739,67.3,17.9,19.4,31.3,68.6,31.2,39.9,12,102.792,91.3144,11.4773,0.779,59.375,1.906,31.296,28.86,57.9277,59.8,22.8,18.7,34.2,69.0,30.3,31.1,1
12,102.792,91.3144,11.4773,0.779,59.375,1.906,31.296,28.86,57.9277,59.8,22.8,18.7,34.2,69.0,30.3,31.1,5,114.086,98.5508,15.5352,0.864,76.66667,2.119,25.26,24.848,65.2739,67.3,17.9,19.4,31.3,68.6,31.2,39.9,0
4,113.975,95.8679,18.1066,0.885,71.875,1.652,59.445,35.211,59.5682,61.8,17.6,20.1,28.1,69.1,44.2,35.3,13,105.736,94.9527,10.7829,0.779,78.78788,1.474,37.553,13.978,65.5881,67.3,19.6,26.5,35.1,66.4,38.1,33.3,1
13,105.736,94.9527,10.7829,0.779,78.78788,1.474,37.553,13.978,65.5881,67.3,19.6,26.5,35.1,66.4,38.1,33.3,4,113.975,95.8679,18.1066,0.885,71.875,1.652,59.445,35.211,59.5682,61.8,17.6,20.1,28.1,69.1,44.2,35.3,0
6,107.254,94.7608,12.4935,0.775,77.41935,1.85,30.659,21.466,65.1097,66.6,18.9,18.7,31.3,72.8,29.7,33.7,11,111.847,98.7065,13.1406,0.833,64.70588,1.875,66.243,25.85,66.3856,68.1,18.8,18.4,35.8,69.2,26.1,35.5,1
11,111.847,98.7065,13.1406,0.833,64.70588,1.875,66.243,25.85,66.3856,68.1,18.8,18.4,35.8,69.2,26.1,35.5,6,107.254,94.7608,12.4935,0.775,77.41935,1.85,30.659,21.466,65.1097,66.6,18.9,18.7,31.3,72.8,29.7,33.7,0
3,109.993,89.6577,20.3352,0.917,73.33333,1.411,86.738,30.075,61.6397,63.4,19.6,20.1,35.9,69.7,30.1,34.3,14,117.088,99.4192,17.6692,0.857,78.78788,2.077,14.906,15.656,66.7473,68.1,17.6,20.7,34.6,68.1,39.9,38.1,0
14,117.088,99.4192,17.6692,0.857,78.78788,2.077,14.906,15.656,66.7473,68.1,17.6,20.7,34.6,68.1,39.9,38.1,3,109.993,89.6577,20.3352,0.917,73.33333,1.411,86.738,30.075,61.6397,63.4,19.6,20.1,35.9,69.7,30.1,34.3,1
7,114.424,98.8981,15.5262,0.828,83.33333,1.808,20.933,17.195,62.3728,64.5,18.1,18.5,36.0,73.7,38.5,34.4,10,116.142,100.148,15.9933,0.863,63.63636,1.954,75.327,30.358,63.7048,65.5,13.4,19.8,32.0,69.2,37.6,37.7,1
10,116.142,100.148,15.9933,0.863,63.63636,1.954,75.327,30.358,63.7048,65.5,13.4,19.8,32.0,69.2,37.6,37.7,7,114.424,98.8981,15.5262,0.828,83.33333,1.808,20.933,17.195,62.3728,64.5,18.1,18.5,36.0,73.7,38.5,34.4,0
2,116.066,89.1479,26.918,0.954,81.81818,2.178,72.255,30.956,65.9779,67.9,19.6,20.7,34.9,71.4,30.5,35.8,15,108.41,102.907,5.50243,0.603,60.60606,2.171,43.165,14.806,66.4169,67.9,19.1,22.4,35.3,67.0,27.5,29.6,0
15,108.41,102.907,5.50243,0.603,60.60606,2.171,43.165,14.806,66.4169,67.9,19.1,22.4,35.3,67.0,27.5,29.6,2,116.066,89.1479,26.918,0.954,81.81818,2.178,72.255,30.956,65.9779,67.9,19.6,20.7,34.9,71.4,30.5,35.8,1
1,120.566,88.8382,31.7277,0.97,94.11765,0.776,95.267,27.605,64.0843,66.1,17.2,18.1,38.4,69.0,27.3,37.1,8,112.844,96.3879,16.4561,0.855,68.75,1.884,63.108,26.236,65.1229,67.2,18.5,17.6,32.2,73.7,42.2,38.0,0
8,112.844,96.3879,16.4561,0.855,68.75,1.884,63.108,26.236,65.1229,67.2,18.5,17.6,32.2,73.7,42.2,38.0,1,120.566,88.8382,31.7277,0.97,94.11765,0.776,95.267,27.605,64.0843,66.1,17.2,18.1,38.4,69.0,27.3,37.1,1
12,107.166,94.5327,12.6331,0.82,82.35294,1.398,36.77,15.249,64.298,66.1,17.4,27.3,33.8,66.0,38.8,33.7,4,119.547,97.0081,22.5388,0.918,75.75758,1.608,76.334,30.826,66.0427,67.8,19.1,20.3,35.5,68.8,27.7,43.3,1
4,119.547,97.0081,22.5388,0.918,75.75758,1.608,76.334,30.826,66.0427,67.8,19.1,20.3,35.5,68.8,27.7,43.3,12,107.166,94.5327,12.6331,0.82,82.35294,1.398,36.77,15.249,64.298,66.1,17.4,27.3,33.8,66.0,38.8,33.7,0
11,104.614,96.2689,8.34556,0.761,65.625,1.659,46.976,22.136,64.2147,65.9,19.2,18.7,29.3,71.5,31.6,34.1,3,115.656,94.2364,21.4193,0.91,78.78788,1.568,60.038,30.445,64.8088,66.7,20.6,21.3,37.6,67.1,31.9,37.7,1
3,115.656,94.2364,21.4193,0.91,78.78788,1.568,60.038,30.445,64.8088,66.7,20.6,21.3,37.6,67.1,31.9,37.7,11,104.614,96.2689,8.34556,0.761,65.625,1.659,46.976,22.136,64.2147,65.9,19.2,18.7,29.3,71.5,31.6,34.1,0
10,107.588,95.9824,11.6059,0.791,63.63636,1.985,65.926,26.514,65.9384,67.9,18.6,18.6,31.6,69.9,25.2,34.9,15,108.606,99.6982,8.90823,0.708,78.125,1.814,4.923,12.009,67.0402,68.7,16.8,21.4,31.4,70.8,36.1,35.5,0
15,108.606,99.6982,8.90823,0.708,78.125,1.814,4.923,12.009,67.0402,68.7,16.8,21.4,31.4,70.8,36.1,35.5,10,107.588,95.9824,11.6059,0.791,63.63636,1.985,65.926,26.514,65.9384,67.9,18.6,18.6,31.6,69.9,25.2,34.9,1
1,115.088,86.2697,28.8179,0.953,79.41176,1.672,67.935,34.349,63.9032,66.1,19.8,19.7,37.2,72.5,27.8,36.5,9,111.629,91.0501,20.5785,0.922,77.41935,1.765,30.227,20.497,61.301,62.4,17.8,23.4,31.9,70.6,36.3,36.9,0
9,111.629,91.0501,20.5785,0.922,77.41935,1.765,30.227,20.497,61.301,62.4,17.8,23.4,31.9,70.6,36.3,36.9,1,115.088,86.2697,28.8179,0.953,79.41176,1.672,67.935,34.349,63.9032,66.1,19.8,19.7,37.2,72.5,27.8,36.5,1
5,110.405,90.4523,19.9522,0.903,81.25,1.64,42.692,17.632,65.0743,66.8,20.0,21.4,34.0,72.7,36.9,38.5,4,105.207,86.3916,18.8157,0.897,74.28571,1.735,73.332,29.249,65.9921,67.5,21.4,23.2,36.2,65.7,33.2,31.1,1
4,105.207,86.3916,18.8157,0.897,74.28571,1.735,73.332,29.249,65.9921,67.5,21.4,23.2,36.2,65.7,33.2,31.1,5,110.405,90.4523,19.9522,0.903,81.25,1.64,42.692,17.632,65.0743,66.8,20.0,21.4,34.0,72.7,36.9,38.5,0
6,110.21,95.1414,15.069,0.819,96.42857,2.203,4.462,10.654,64.2846,66.1,20.9,24.0,34.7,65.2,35.2,40.7,3,112.422,93.0852,19.3365,0.897,78.125,1.646,52.745,28.97,69.187,71.1,18.8,23.6,34.4,63.8,29.2,33.7,1
3,112.422,93.0852,19.3365,0.897,78.125,1.646,52.745,28.97,69.187,71.1,18.8,23.6,34.4,63.8,29.2,33.7,6,110.21,95.1414,15.069,0.819,96.42857,2.203,4.462,10.654,64.2846,66.1,20.9,24.0,34.7,65.2,35.2,40.7,0
7,120.271,99.98,20.2909,0.914,69.69697,1.452,83.164,29.274,63.4917,65.6,16.6,19.7,33.8,69.0,44.4,39.0,15,99.5279,101.974,-2.44646,0.439,75.0,2.318,2.297,10.649,66.0683,68.0,21.4,19.7,33.6,67.0,31.4,31.4,0
15,99.5279,101.974,-2.44646,0.439,75.0,2.318,2.297,10.649,66.0683,68.0,21.4,19.7,33.6,67.0,31.4,31.4,7,120.271,99.98,20.2909,0.914,69.69697,1.452,83.164,29.274,63.4917,65.6,16.6,19.7,33.8,69.0,44.4,39.0,1
1,116.026,90.5173,25.5085,0.945,93.93939,1.699,80.128,26.368,64.1527,66.2,16.0,25.2,36.6,60.7,31.3,34.5,8,109.953,91.6575,18.2953,0.869,67.74194,1.432,47.44,27.769,65.8239,67.5,21.3,23.8,40.8,66.3,29.7,34.2,0
8,109.953,91.6575,18.2953,0.869,67.74194,1.432,47.44,27.769,65.8239,67.5,21.3,23.8,40.8,66.3,29.7,34.2,1,116.026,90.5173,25.5085,0.945,93.93939,1.699,80.128,26.368,64.1527,66.2,16.0,25.2,36.6,60.7,31.3,34.5,1
5,114.775,94.4476,20.3275,0.914,70.58824,2.215,85.14,29.822,63.9958,65.9,19.8,19.2,32.1,68.0,41.3,38.9,4,111.961,88.662,23.2991,0.938,72.72727,1.85,58.91,30.936,57.0497,58.8,15.1,18.5,30.4,71.9,40.4,36.1,1
4,111.961,88.662,23.2991,0.938,72.72727,1.85,58.91,30.936,57.0497,58.8,15.1,18.5,30.4,71.9,40.4,36.1,5,114.775,94.4476,20.3275,0.914,70.58824,2.215,85.14,29.822,63.9958,65.9,19.8,19.2,32.1,68.0,41.3,38.9,0
6,109.258,94.1152,15.1423,0.869,70.58824,1.775,59.329,26.957,61.9205,64.2,16.4,21.7,36.1,65.3,34.9,34.3,3,107.767,89.7815,17.9858,0.899,72.72727,2.356,71.293,28.697,66.0495,67.7,23.7,22.2,35.7,67.0,31.6,35.3,0
3,107.767,89.7815,17.9858,0.899,72.72727,2.356,71.293,28.697,66.0495,67.7,23.7,22.2,35.7,67.0,31.6,35.3,6,109.258,94.1152,15.1423,0.869,70.58824,1.775,59.329,26.957,61.9205,64.2,16.4,21.7,36.1,65.3,34.9,34.3,1
7,111.604,94.5893,17.0149,0.862,80.64516,1.347,40.784,16.61,64.3904,66.2,19.9,19.6,34.8,72.2,32.3,37.6,2,117.705,87.8032,29.9016,0.97,79.41176,1.254,87.821,31.751,65.7505,68.1,17.4,22.5,35.7,75.1,26.1,32.6,1
2,117.705,87.8032,29.9016,0.97,79.41176,1.254,87.821,31.751,65.7505,68.1,17.4,22.5,35.7,75.1,26.1,32.6,7,111.604,94.5893,17.0149,0.862,80.64516,1.347,40.784,16.61,64.3904,66.2,19.9,19.6,34.8,72.2,32.3,37.6,0
1,117.11,90.8369,26.2727,0.95,85.29412,1.384,91.131,27.923,70.0151,72.7,16.2,18.5,40.5,72.3,22.9,34.0,8,119.641,102.559,17.0818,0.85,84.84848,1.548,35.4,19.015,65.4893,67.4,18.1,15.3,31.6,73.9,35.0,42.5,0
8,119.641,102.559,17.0818,0.85,84.84848,1.548,35.4,19.015,65.4893,67.4,18.1,15.3,31.6,73.9,35.0,42.5,1,117.11,90.8369,26.2727,0.95,85.29412,1.384,91.131,27.923,70.0151,72.7,16.2,18.5,40.5,72.3,22.9,34.0,1
12,102.792,91.3144,11.4773,0.779,59.375,1.906,31.296,28.86,57.9277,59.8,22.8,18.7,34.2,69.0,30.3,31.1,13,105.736,94.9527,10.7829,0.779,78.78788,1.474,37.553,13.978,65.5881,67.3,19.6,26.5,35.1,66.4,38.1,33.3,1
13,105.736,94.9527,10.7829,0.779,78.78788,1.474,37.553,13.978,65.5881,67.3,19.6,26.5,35.1,66.4,38.1,33.3,12,102.792,91.3144,11.4773,0.779,59.375,1.906,31.296,28.86,57.9277,59.8,22.8,18.7,34.2,69.0,30.3,31.1,0
11,111.847,98.7065,13.1406,0.833,64.70588,1.875,66.243,25.85,66.3856,68.1,18.8,18.4,35.8,69.2,26.1,35.5,3,109.993,89.6577,20.3352,0.917,73.33333,1.411,86.738,30.075,61.6397,63.4,19.6,20.1,35.9,69.7,30.1,34.3,0
3,109.993,89.6577,20.3352,0.917,73.33333,1.411,86.738,30.075,61.6397,63.4,19.6,20.1,35.9,69.7,30.1,34.3,11,111.847,98.7065,13.1406,0.833,64.70588,1.875,66.243,25.85,66.3856,68.1,18.8,18.4,35.8,69.2,26.1,35.5,1
10,116.142,100.148,15.9933,0.863,63.63636,1.954,75.327,30.358,63.7048,65.5,13.4,19.8,32.0,69.2,37.6,37.7,2,116.066,89.1479,26.918,0.954,81.81818,2.178,72.255,30.956,65.9779,67.9,19.6,20.7,34.9,71.4,30.5,35.8,1
2,116.066,89.1479,26.918,0.954,81.81818,2.178,72.255,30.956,65.9779,67.9,19.6,20.7,34.9,71.4,30.5,35.8,10,116.142,100.148,15.9933,0.863,63.63636,1.954,75.327,30.358,63.7048,65.5,13.4,19.8,32.0,69.2,37.6,37.7,0
1,120.566,88.8382,31.7277,0.97,94.11765,0.776,95.267,27.605,64.0843,66.1,17.2,18.1,38.4,69.0,27.3,37.1,4,119.547,97.0081,22.5388,0.918,75.75758,1.608,76.334,30.826,66.0427,67.8,19.1,20.3,35.5,68.8,27.7,43.3,0
4,119.547,97.0081,22.5388,0.918,75.75758,1.608,76.334,30.826,66.0427,67.8,19.1,20.3,35.5,68.8,27.7,43.3,1,120.566,88.8382,31.7277,0.97,94.11765,0.776,95.267,27.605,64.0843,66.1,17.2,18.1,38.4,69.0,27.3,37.1,1
3,115.656,94.2364,21.4193,0.91,78.78788,1.568,60.038,30.445,64.8088,66.7,20.6,21.3,37.6,67.1,31.9,37.7,10,107.588,95.9824,11.6059,0.791,63.63636,1.985,65.926,26.514,65.9384,67.9,18.6,18.6,31.6,69.9,25.2,34.9,0
10,107.588,95.9824,11.6059,0.791,63.63636,1.985,65.926,26.514,65.9384,67.9,18.6,18.6,31.6,69.9,25.2,34.9,3,115.656,94.2364,21.4193,0.91,78.78788,1.568,60.038,30.445,64.8088,66.7,20.6,21.3,37.6,67.1,31.9,37.7,1
1,115.088,86.2697,28.8179,0.953,79.41176,1.672,67.935,34.349,63.9032,66.1,19.8,19.7,37.2,72.5,27.8,36.5,4,105.207,86.3916,18.8157,0.897,74.28571,1.735,73.332,29.249,65.9921,67.5,21.4,23.2,36.2,65.7,33.2,31.1,1
4,105.207,86.3916,18.8157,0.897,74.28571,1.735,73.332,29.249,65.9921,67.5,21.4,23.2,36.2,65.7,33.2,31.1,1,115.088,86.2697,28.8179,0.953,79.41176,1.672,67.935,34.349,63.9032,66.1,19.8,19.7,37.2,72.5,27.8,36.5,0
3,112.422,93.0852,19.3365,0.897,78.125,1.646,52.745,28.97,69.187,71.1,18.8,23.6,34.4,63.8,29.2,33.7,7,120.271,99.98,20.2909,0.914,69.69697,1.452,83.164,29.274,63.4917,65.6,16.6,19.7,33.8,69.0,44.4,39.0,1
7,120.271,99.98,20.2909,0.914,69.69697,1.452,83.164,29.274,63.4917,65.6,16.6,19.7,33.8,69.0,44.4,39.0,3,112.422,93.0852,19.3365,0.897,78.125,1.646,52.745,28.97,69.187,71.1,18.8,23.6,34.4,63.8,29.2,33.7,0
1,116.026,90.5173,25.5085,0.945,93.93939,1.699,80.128,26.368,64.1527,66.2,16.0,25.2,36.6,60.7,31.3,34.5,4,111.961,88.662,23.2991,0.938,72.72727,1.85,58.91,30.936,57.0497,58.8,15.1,18.5,30.4,71.9,40.4,36.1,0
4,111.961,88.662,23.2991,0.938,72.72727,1.85,58.91,30.936,57.0497,58.8,15.1,18.5,30.4,71.9,40.4,36.1,1,116.026,90.5173,25.5085,0.945,93.93939,1.699,80.128,26.368,64.1527,66.2,16.0,25.2,36.6,60.7,31.3,34.5,1
6,109.258,94.1152,15.1423,0.869,70.58824,1.775,59.329,26.957,61.9205,64.2,16.4,21.7,36.1,65.3,34.9,34.3,2,117.705,87.8032,29.9016,0.97,79.41176,1.254,87.821,31.751,65.7505,68.1,17.4,22.5,35.7,75.1,26.1,32.6,1
2,117.705,87.8032,29.9016,0.97,79.41176,1.254,87.821,31.751,65.7505,68.1,17.4,22.5,35.7,75.1,26.1,32.6,6,109.258,94.1152,15.1423,0.869,70.58824,1.775,59.329,26.957,61.9205,64.2,16.4,21.7,36.1,65.3,34.9,34.3,0
1,117.11,90.8369,26.2727,0.95,85.29412,1.384,91.131,27.923,70.0151,72.7,16.2,18.5,40.5,72.3,22.9,34.0,13,105.736,94.9527,10.7829,0.779,78.78788,1.474,37.553,13.978,65.5881,67.3,19.6,26.5,35.1,66.4,38.1,33.3,0
13,105.736,94.9527,10.7829,0.779,78.78788,1.474,37.553,13.978,65.5881,67.3,19.6,26.5,35.1,66.4,38.1,33.3,1,117.11,90.8369,26.2727,0.95,85.29412,1.384,91.131,27.923,70.0151,72.7,16.2,18.5,40.5,72.3,22.9,34.0,1
11,111.847,98.7065,13.1406,0.833,64.70588,1.875,66.243,25.85,66.3856,68.1,18.8,18.4,35.8,69.2,26.1,35.5,2,116.066,89.1479,26.918,0.954,81.81818,2.178,72.255,30.956,65.9779,67.9,19.6,20.7,34.9,71.4,30.5,35.8,1
2,116.066,89.1479,26.918,0.954,81.81818,2.178,72.255,30.956,65.9779,67.9,19.6,20.7,34.9,71.4,30.5,35.8,11,111.847,98.7065,13.1406,0.833,64.70588,1.875,66.243,25.85,66.3856,68.1,18.8,18.4,35.8,69.2,26.1,35.5,0
1,120.566,88.8382,31.7277,0.97,94.11765,0.776,95.267,27.605,64.0843,66.1,17.2,18.1,38.4,69.0,27.3,37.1,3,115.656,94.2364,21.4193,0.91,78.78788,1.568,60.038,30.445,64.8088,66.7,20.6,21.3,37.6,67.1,31.9,37.7,0
3,115.656,94.2364,21.4193,0.91,78.78788,1.568,60.038,30.445,64.8088,66.7,20.6,21.3,37.6,67.1,31.9,37.7,1,120.566,88.8382,31.7277,0.97,94.11765,0.776,95.267,27.605,64.0843,66.1,17.2,18.1,38.4,69.0,27.3,37.1,1
4,105.207,86.3916,18.8157,0.897,74.28571,1.735,73.332,29.249,65.9921,67.5,21.4,23.2,36.2,65.7,33.2,31.1,7,120.271,99.98,20.2909,0.914,69.69697,1.452,83.164,29.274,63.4917,65.6,16.6,19.7,33.8,69.0,44.4,39.0,0
7,120.271,99.98,20.2909,0.914,69.69697,1.452,83.164,29.274,63.4917,65.6,16.6,19.7,33.8,69.0,44.4,39.0,4,105.207,86.3916,18.8157,0.897,74.28571,1.735,73.332,29.249,65.9921,67.5,21.4,23.2,36.2,65.7,33.2,31.1,1
1,116.026,90.5173,25.5085,0.945,93.93939,1.699,80.128,26.368,64.1527,66.2,16.0,25.2,36.6,60.7,31.3,34.5,2,117.705,87.8032,29.9016,0.97,79.41176,1.254,87.821,31.751,65.7505,68.1,17.4,22.5,35.7,75.1,26.1,32.6,1
2,117.705,87.8032,29.9016,0.97,79.41176,1.254,87.821,31.751,65.7505,68.1,17.4,22.5,35.7,75.1,26.1,32.6,1,116.026,90.5173,25.5085,0.945,93.93939,1.699,80.128,26.368,64.1527,66.2,16.0,25.2,36.6,60.7,31.3,34.5,0
1,117.11,90.8369,26.2727,0.95,85.29412,1.384,91.131,27.923,70.0151,72.7,16.2,18.5,40.5,72.3,22.9,34.0,2,116.066,89.1479,26.918,0.954,81.81818,2.178,72.255,30.956,65.9779,67.9,19.6,20.7,34.9,71.4,30.5,35.8,1
2,116.066,89.1479,26.918,0.954,81.81818,2.178,72.255,30.956,65.9779,67.9,19.6,20.7,34.9,71.4,30.5,35.8,1,117.11,90.8369,26.2727,0.95,85.29412,1.384,91.131,27.923,70.0151,72.7,16.2,18.5,40.5,72.3,22.9,34.0,0
1,120.566,88.8382,31.7277,0.97,94.11765,0.776,95.267,27.605,64.0843,66.1,17.2,18.1,38.4,69.0,27.3,37.1,4,105.207,86.3916,18.8157,0.897,74.28571,1.735,73.332,29.249,65.9921,67.5,21.4,23.2,36.2,65.7,33.2,31.1,0
4,105.207,86.3916,18.8157,0.897,74.28571,1.735,73.332,29.249,65.9921,67.5,21.4,23.2,36.2,65.7,33.2,31.1,1,120.566,88.8382,31.7277,0.97,94.11765,0.776,95.267,27.605,64.0843,66.1,17.2,18.1,38.4,69.0,27.3,37.1,1
2,117.705,87.8032,29.9016,0.97,79.41176,1.254,87.821,31.751,65.7505,68.1,17.4,22.5,35.7,75.1,26.1,32.6,2,116.066,89.1479,26.918,0.954,81.81818,2.178,72.255,30.956,65.9779,67.9,19.6,20.7,34.9,71.4,30.5,35.8,1
2,116.066,89.1479,26.918,0.954,81.81818,2.178,72.255,30.956,65.9779,67.9,19.6,20.7,34.9,71.4,30.5,35.8,2,117.705,87.8032,29.9016,0.97,79.41176,1.254,87.821,31.751,65.7505,68.1,17.4,22.5,35.7,75.1,26.1,32.6,0
1,120.566,88.8382,31.7277,0.97,94.11765,0.776,95.267,27.605,64.0843,66.1,17.2,18.1,38.4,69.0,27.3,37.1,2,116.066,89.1479,26.918,0.954,81.81818,2.178,72.255,30.956,65.9779,67.9,19.6,20.7,34.9,71.4,30.5,35.8,0
2,116.066,89.1479,26.918,0.954,81.81818,2.178,72.255,30.956,65.9779,67.9,19.6,20.7,34.9,71.4,30.5,35.8,1,120.566,88.8382,31.7277,0.97,94.11765,0.776,95.267,27.605,64.0843,66.1,17.2,18.1,38.4,69.0,27.3,37.1,1
1,123.643,91.4115,32.232,0.974,94.11765,1.575,91.348,31.137,64.4098,65.6,15.8,23.3,35.3,71.9,32.2,41.3,16,101.474,106.668,-5.19344,0.398,55.17241,1.46,11.623,8.721,67.0401,68.1,19.6,19.9,29.9,66.6,35.9,36.3,0
16,101.474,106.668,-5.19344,0.398,55.17241,1.46,11.623,8.721,67.0401,68.1,19.6,19.9,29.9,66.6,35.9,36.3,1,123.643,91.4115,32.232,0.974,94.11765,1.575,91.348,31.137,64.4098,65.6,15.8,23.3,35.3,71.9,32.2,41.3,1
8,113.269,94.9599,18.3096,0.862,81.25,1.801,36.183,15.383,65.0301,66.0,16.8,20.9,32.8,68.8,31.0,39.7,9,114.746,96.4465,18.299,0.885,65.625,1.918,91.766,29.148,65.5804,66.6,18.1,18.3,36.0,69.8,32.9,34.9,0
9,114.746,96.4465,18.299,0.885,65.625,1.918,91.766,29.148,65.5804,66.6,18.1,18.3,36.0,69.8,32.9,34.9,8,113.269,94.9599,18.3096,0.862,81.25,1.801,36.183,15.383,65.0301,66.0,16.8,20.9,32.8,68.8,31.0,39.7,1
5,113.313,93.145,20.1684,0.903,64.51613,2.351,51.905,34.766,62.7344,63.5,18.9,18.9,40.5,64.4,33.7,33.5,12,107.856,90.4152,17.4409,0.881,65.625,2.003,53.197,27.126,64.0185,64.6,20.4,23.2,34.6,67.5,34.7,34.9,0
12,107.856,90.4152,17.4409,0.881,65.625,2.003,53.197,27.126,64.0185,64.6,20.4,23.2,34.6,67.5,34.7,34.9,5,113.313,93.145,20.1684,0.903,64.51613,2.351,51.905,34.766,62.7344,63.5,18.9,18.9,40.5,64.4,33.7,33.5,1
4,117.76,92.4889,25.2715,0.947,75.75758,1.147,86.899,30.75,65.932,66.9,15.9,18.3,35.2,69.2,31.9,39.7,13,106.219,97.4016,8.81724,0.715,80.0,1.836,12.151,13.655,63.3505,64.2,18.9,18.4,31.2,73.0,31.1,37.3,0
13,106.219,97.4016,8.81724,0.715,80.0,1.836,12.151,13.655,63.3505,64.2,18.9,18.4,31.2,73.0,31.1,37.3,4,117.76,92.4889,25.2715,0.947,75.75758,1.147,86.899,30.75,65.932,66.9,15.9,18.3,35.2,69.2,31.9,39.7,1
6,112.808,96.2683,16.5395,0.84,77.41935,2.048,69.842,21.915,64.8622,66.1,18.0,18.8,32.4,72.1,31.1,33.3,11,115.623,97.4927,18.1301,0.877,58.82353,1.908,24.152,33.868,66.7571,67.9,17.5,20.5,36.2,67.1,26.3,35.2,1
11,115.623,97.4927,18.1301,0.877,58.82353,1.908,24.152,33.868,66.7571,67.9,17.5,20.5,36.2,67.1,26.3,35.2,6,112.808,96.2683,16.5395,0.84,77.41935,2.048,69.842,21.915,64.8622,66.1,18.0,18.8,32.4,72.1,31.1,33.3,0
3,114.248,91.6187,22.6298,0.919,78.125,1.394,80.006,31.253,65.0381,66.5,18.3,20.7,37.0,66.5,31.4,35.7,14,101.49,96.8677,4.62225,0.681,59.375,1.62,6.725,19.995,65.4175,66.2,21.4,19.3,31.3,70.0,36.1,35.5,0
14,101.49,96.8677,4.62225,0.681,59.375,1.62,6.725,19.995,65.4175,66.2,21.4,19.3,31.3,70.0,36.1,35.5,3,114.248,91.6187,22.6298,0.919,78.125,1.394,80.006,31.253,65.0381,66.5,18.3,20.7,37.0,66.5,31.4,35.7,1
7,116.488,94.2736,22.2141,0.919,69.69697,1.918,72.558,26.105,70.7555,72.2,17.0,20.5,38.0,68.2,36.8,37.1,10,107.153,95.1889,11.9637,0.836,65.625,1.98,52.729,26.274,64.1695,64.9,20.3,18.5,36.8,68.3,25.1,34.0,0
10,107.153,95.1889,11.9637,0.836,65.625,1.98,52.729,26.274,64.1695,64.9,20.3,18.5,36.8,68.3,25.1,34.0,7,116.488,94.2736,22.2141,0.919,69.69697,1.918,72.558,26.105,70.7555,72.2,17.0,20.5,38.0,68.2,36.8,37.1,1
2,110.652,89.1087,21.5431,0.92,78.78788,1.088,91.173,33.486,70.5943,71.7,18.7,19.6,37.2,70.2,25.3,33.3,15,108.912,103.533,5.37973,0.598,84.375,1.544,4.03,7.968,73.2043,74.6,20.4,19.9,37.9,67.8,31.4,36.6,0
15,108.912,103.533,5.37973,0.598,84.375,1.544,4.03,7.968,73.2043,74.6,20.4,19.9,37.9,67.8,31.4,36.6,2,110.652,89.1087,21.5431,0.92,78.78788,1.088,91.173,33.486,70.5943,71.7,18.7,19.6,37.2,70.2,25.3,33.3,1
1,118.637,89.0891,29.5475,0.964,88.23529,1.669,77.815,29.3,69.1256,70.2,17.3,21.3,35.4,66.5,35.6,37.5,16,93.9345,97.7279,-3.79341,0.376,74.19355,2.193,10.853,5.179,66.566,67.2,17.8,23.1,29.5,64.0,35.7,32.1,0
16,93.9345,97.7279,-3.79341,0.376,74.19355,2.193,10.853,5.179,66.566,67.2,17.8,23.1,29.5,64.0,35.7,32.1,1,118.637,89.0891,29.5475,0.964,88.23529,1.669,77.815,29.3,69.1256,70.2,17.3,21.3,35.4,66.5,35.6,37.5,1
8,110.77,95.3533,15.4164,0.855,59.375,0.899,58.01,36.499,61.959,62.8,16.3,18.6,25.0,70.6,43.2,35.4,9,107.96,94.5968,13.3636,0.85,57.57576,1.883,44.927,29.673,66.3754,67.2,19.5,20.8,38.2,67.9,29.8,30.4,0
9,107.96,94.5968,13.3636,0.85,57.57576,1.883,44.927,29.673,66.3754,67.2,19.5,20.8,38.2,67.9,29.8,30.4,8,110.77,95.3533,15.4164,0.855,59.375,0.899,58.01,36.499,61.959,62.8,16.3,18.6,25.0,70.6,43.2,35.4,1
5,115.936,97.0522,18.8834,0.899,79.41176,1.39,73.308,25.335,65.5658,66.5,18.9,18.7,33.3,71.0,36.8,39.9,12,103.673,96.7112,6.96184,0.699,73.52941,0.765,62.75,19.129,67.8874,69.1,21.9,21.3,35.4,64.7,32.5,32.7,0
12,103.673,96.7112,6.96184,0.699,73.52941,0.765,62.75,19.129,67.8874,69.1,21.9,21.3,35.4,64.7,32.5,32.7,5,115.936,97.0522,18.8834,0.899,79.41176,1.39,73.308,25.335,65.5658,66.5,18.9,18.7,33.3,71.0,36.8,39.9,1
4,114.882,88.1564,26.7252,0.952,79.41176,1.47,87.745,27.862,65.8605,67.0,17.3,19.0,38.2,69.7,26.0,37.7,13,117.282,104.345,12.9371,0.789,72.72727,2.039,12.834,21.674,71.6088,72.8,18.8,16.6,36.3,68.3,35.1,37.7,0
13,117.282,104.345,12.9371,0.789,72.72727,2.039,12.834,21.674,71.6088,72.8,18.8,16.6,36.3,68.3,35.1,37.7,4,114.882,88.1564,26.7252,0.952,79.41176,1.47,87.745,27.862,65.8605,67.0,17.3,19.0,38.2,69.7,26.0,37.7,1
6,109.822,90.218,19.6039,0.894,75.75758,2.019,64.106,26.215,63.2667,64.5,18.1,22.4,38.4,69.4,34.2,33.9,11,112.932,96.3729,16.559,0.864,68.75,1.692,54.624,27.072,71.2086,72.1,17.1,24.8,33.2,63.3,31.1,36.4,0
11,112.932,96.3729,16.559,0.864,68.75,1.692,54.624,27.072,71.2086,72.1,17.1,24.8,33.2,63.3,31.1,36.4,6,109.822,90.218,19.6039,0.894,75.75758,2.019,64.106,26.215,63.2667,64.5,18.1,22.4,38.4,69.4,34.2,33.9,1
3,114.804,93.1006,21.703,0.901,74.28571,0.943,62.489,35.894,65.3986,66.2,17.5,18.1,39.5,65.3,29.3,33.2,14,105.356,97.7759,7.57974,0.696,75.75758,1.537,8.013,12.621,65.0026,66.1,17.1,18.0,26.0,71.2,31.3,40.2,0
14,105.356,97.7759,7.57974,0.696,75.75758,1.537,8.013,12.621,65.0026,66.1,17.1,18.0,26.0,71.2,31.3,40.2,3,114.804,93.1006,21.703,0.901,74.28571,0.943,62.489,35.894,65.3986,66.2,17.5,18.1,39.5,65.3,29.3,33.2,1
7,109.724,92.7362,16.988,0.859,78.125,1.787,27.287,20.89,64.7767,65.8,16.3,20.0,32.1,71.5,30.1,35.4,10,111.847,97.4264,14.4209,0.833,57.57576,2.234,45.528,37.339,59.8734,60.9,17.7,18.1,32.3,69.8,36.5,33.6,0
10,111.847,97.4264,14.4209,0.833,57.57576,2.234,45.528,37.339,59.8734,60.9,17.7,18.1,32.3,69.8,36.5,33.6,7,109.724,92.7362,16.988,0.859,78.125,1.787,27.287,20.89,64.7767,65.8,16.3,20.0,32.1,71.5,30.1,35.4,1
2,113.834,88.2242,25.6096,0.928,93.75,2.076,41.701,24.555,62.8786,63.9,17.2,19.9,37.6,70.0,30.2,33.6,15,106.011,101.426,4.58447,0.602,65.51724,2.08,7.93,13.609,67.118,67.7,21.8,20.5,35.8,71.4,39.3,38.4,0
15,106.011,101.426,4.58447,0.602,65.51724,2.08,7.93,13.609,67.118,67.7,21.8,20.5,35.8,71.4,39.3,38.4,2,113.834,88.2242,25.6096,0.928,93.75,2.076,41.701,24.555,62.8786,63.9,17.2,19.9,37.6,70.0,30.2,33.6,1
1,119.505,90.8029,28.7018,0.967,94.11765,1.993,76.479,26.504,68.9821,69.7,19.1,20.3,36.5,72.0,32.6,38.7,16,102.907,103.292,-0.38517,0.453,61.76471,1.669,5.779,11.596,63.0646,63.9,19.0,17.9,34.6,65.8,39.8,35.5,0
16,102.907,103.292,-0.38517,0.453,61.76471,1.669,5.779,11.596,63.0646,63.9,19.0,17.9,34.6,65.8,39.8,35.5,1,119.505,90.8029,28.7018,0.967,94.11765,1.993,76.479,26.504,68.9821,69.7,19.1,20.3,36.5,72.0,32.6,38.7,1
8,110.321,91.5518,18.7696,0.898,75.0,1.792,60.906,25.625,66.9325,68.1,18.7,24.0,33.5,68.1,30.0,33.1,9,112.305,92.727,19.5782,0.922,59.375,1.966,69.318,35.021,65.2946,66.9,19.1,18.4,32.1,68.1,31.4,38.7,1
9,112.305,92.727,19.5782,0.922,59.375,1.966,69.318,35.021,65.2946,66.9,19.1,18.4,32.1,68.1,31.4,38.7,8,110.321,91.5518,18.7696,0.898,75.0,1.792,60.906,25.625,66.9325,68.1,18.7,24.0,33.5,68.1,30.0,33.1,0
5,115.206,97.7687,17.437,0.879,69.69697,1.54,81.31,26.811,66.882,68.1,19.1,17.8,32.8,67.8,38.5,37.0,12,111.003,95.4298,15.5729,0.835,79.41176,2.275,19.193,18.354,63.1619,63.9,16.6,19.8,28.2,67.1,36.5,40.0,1
12,111.003,95.4298,15.5729,0.835,79.41176,2.275,19.193,18.354,63.1619,63.9,16.6,19.8,28.2,67.1,36.5,40.0,5,115.206,97.7687,17.437,0.879,69.69697,1.54,81.31,26.811,66.882,68.1,19.1,17.8,32.8,67.8,38.5,37.0,0
4,111.247,88.3769,22.87,0.924,73.52941,1.591,60.093,30.743,66.988,68.0,18.9,23.2,35.2,65.0,40.5,36.1,13,105.208,98.4152,6.79253,0.636,70.0,2.319,6.997,13.533,63.8399,64.7,23.4,22.9,41.3,72.1,33.0,34.9,1
13,105.208,98.4152,6.79253,0.636,70.0,2.319,6.997,13.533,63.8399,64.7,23.4,22.9,41.3,72.1,33.0,34.9,4,111.247,88.3769,22.87,0.924,73.52941,1.591,60.093,30.743,66.988,68.0,18.9,23.2,35.2,65.0,40.5,36.1,0
6,114.287,95.2916,18.9952,0.884,67.74194,1.933,86.327,35.555,63.7784,65.2,20.6,17.7,33.6,67.5,36.6,36.0,11,109.563,100.813,8.74997,0.711,67.64706,2.142,50.027,18.893,65.9737,66.9,17.5,22.5,31.6,63.6,40.8,35.9,1
11,109.563,100.813,8.74997,0.711,67.64706,2.142,50.027,18.893,65.9737,66.9,17.5,22.5,31.6,63.6,40.8,35.9,6,114.287,95.2916,18.9952,0.884,67.74194,1.933,86.327,35.555,63.7784,65.2,20.6,17.7,33.6,67.5,36.6,36.0,0
3,115.013,89.4016,25.6115,0.938,78.125,1.788,77.588,34.119,66.3974,67.1,15.6,21.7,32.0,70.0,33.0,36.7,14,95.0018,91.7599,3.24183,0.565,60.60606,2.141,2.161,15.033,64.6119,65.1,22.9,21.6,32.5,65.9,32.0,34.8,0
14,95.0018,91.7599,3.24183,0.565,60.60606,2.141,2.161,15.033,64.6119,65.1,22.9,21.6,32.5,65.9,32.0,34.8,3,115.013,89.4016,25.6115,0.938,78.125,1.788,77.588,34.119,66.3974,67.1,15.6,21.7,32.0,70.0,33.0,36.7,1
7,109.943,94.5593,15.3838,0.818,74.19355,1.859,69.642,25.412,61.4192,62.9,20.3,20.7,37.9,70.3,30.7,33.7,10,103.157,88.1874,14.9701,0.849,67.74194,1.687,76.219,27.172,67.5152,69.6,23.1,22.2,35.7,69.1,33.4,33.0,1
10,103.157,88.1874,14.9701,0.849,67.74194,1.687,76.219,27.172,67.5152,69.6,23.1,22.2,35.7,69.1,33.4,33.0,7,109.943,94.5593,15.3838,0.818,74.19355,1.859,69.642,25.412,61.4192,62.9,20.3,20.7,37.9,70.3,30.7,33.7,0
2,121.279,96.6246,24.6542,0.938,81.25,2.26,57.624,33.256,63.3777,64.6,16.4,15.9,33.8,70.1,38.4,39.2,15,103.29,99.533,3.75741,0.58,64.70588,1.985,11.594,13.032,66.2222,67.1,17.7,20.5,28.5,67.0,38.3,36.0,0
15,103.29,99.533,3.75741,0.58,64.70588,1.985,11.594,13.032,66.2222,67.1,17.7,20.5,28.5,67.0,38.3,36.0,2,121.279,96.6246,24.6542,0.938,81.25,2.26,57.624,33.256,63.3777,64.6,16.4,15.9,33.8,70.1,38.4,39.2,1
1,119.627,92.2012,27.4261,0.948,84.375,2.0,80.027,29.684,62.2651,63.8,18.3,17.8,42.8,70.9,27.4,39.0,16,101.432,99.0391,2.393,0.483,55.17241,1.789,3.853,12.978,67.7991,69.6,21.4,24.3,32.1,64.2,26.2,32.9,0
16,101.432,99.0391,2.393,0.483,55.17241,1.789,3.853,12.978,67.7991,69.6,21.4,24.3,32.1,64.2,26.2,32.9,1,119.627,92.2012,27.4261,0.948,84.375,2.0,80.027,29.684,62.2651,63.8,18.3,17.8,42.8,70.9,27.4,39.0,1
8,112.272,97.278,14.9935,0.842,70.96774,1.978,45.189,20.08,63.7754,64.9,17.1,19.1,32.4,72.6,36.9,36.2,9,109.126,94.8747,14.251,0.809,81.81818,2.539,6.944,17.783,60.8228,61.7,20.4,18.8,45.3,72.6,27.4,32.9,0
9,109.126,94.8747,14.251,0.809,81.81818,2.539,6.944,17.783,60.8228,61.7,20.4,18.8,45.3,72.6,27.4,32.9,8,112.272,97.278,14.9935,0.842,70.96774,1.978,45.189,20.08,63.7754,64.9,17.1,19.1,32.4,72.6,36.9,36.2,1
5,109.524,92.0845,17.4393,0.889,67.74194,1.511,43.162,29.925,66.786,68.4,21.7,22.7,41.2,69.0,33.0,37.4,12,110.413,90.2135,20.1997,0.895,90.625,2.597,21.428,14.937,62.8424,63.3,18.4,18.9,34.2,74.3,31.2,35.8,0
12,110.413,90.2135,20.1997,0.895,90.625,2.597,21.428,14.937,62.8424,63.3,18.4,18.9,34.2,74.3,31.2,35.8,5,109.524,92.0845,17.4393,0.889,67.74194,1.511,43.162,29.925,66.786,68.4,21.7,22.7,41.2,69.0,33.0,37.4,1
4,121.946,96.348,25.5977,0.942,74.19355,1.978,66.994,34.801,56.891,57.9,12.8,16.8,34.2,73.0,40.5,37.1,13,112.236,93.268,18.9677,0.88,88.23529,1.584,12.798,10.427,68.7655,69.4,19.9,27.4,37.9,67.8,42.2,38.1,0
13,112.236,93.268,18.9677,0.88,88.23529,1.584,12.798,10.427,68.7655,69.4,19.9,27.4,37.9,67.8,42.2,38.1,4,121.946,96.348,25.5977,0.942,74.19355,1.978,66.994,34.801,56.891,57.9,12.8,16.8,34.2,73.0,40.5,37.1,1
6,110.496,93.6698,16.8263,0.875,65.625,2.668,38.382,34.3,66.3588,67.0,18.7,24.1,33.1,67.1,24.0,33.0,11,110.61,94.1013,16.5087,0.865,71.875,1.484,36.501,21.413,66.6571,68.2,19.7,21.3,35.5,71.1,28.4,35.6,1
11,110.61,94.1013,16.5087,0.865,71.875,1.484,36.501,21.413,66.6571,68.2,19.7,21.3,35.5,71.1,28.4,35.6,6,110.496,93.6698,16.8263,0.875,65.625,2.668,38.382,34.3,66.3588,67.0,18.7,24.1,33.1,67.1,24.0,33.0,0
3,117.73,94.2638,23.4657,0.922,87.87879,1.951,23.025,24.953,70.3423,71.4,15.3,20.3,31.5,71.3,37.1,36.1,14,111.911,104.341,7.57016,0.699,63.63636,2.647,8.499,16.242,63.4771,64.7,18.0,20.4,34.6,67.3,26.4,40.7,0
14,111.911,104.341,7.57016,0.699,63.63636,2.647,8.499,16.242,63.4771,64.7,18.0,20.4,34.6,67.3,26.4,40.7,3,117.73,94.2638,23.4657,0.922,87.87879,1.951,23.025,24.953,70.3423,71.4,15.3,20.3,31.5,71.3,37.1,36.1,1
7,107.561,93.8189,13.7419,0.827,68.75,1.198,77.947,26.572,65.5545,66.5,22.1,17.9,36.0,68.6,29.3,32.9,10,108.503,93.7079,14.7956,0.842,56.25,1.94,83.395,40.022,65.0151,66.4,20.0,17.8,34.6,71.5,32.8,34.8,0
10,108.503,93.7079,14.7956,0.842,56.25,1.94,83.395,40.022,65.0151,66.4,20.0,17.8,34.6,71.5,32.8,34.8,7,107.561,93.8189,13.7419,0.827,68.75,1.198,77.947,26.572,65.5545,66.5,22.1,17.9,36.0,68.6,29.3,32.9,1
2,114.555,95.0304,19.5245,0.894,78.78788,1.736,83.511,28.23,62.5758,63.9,19.1,19.3,38.4,70.1,31.1,35.6,15,103.503,99.4018,4.10161,0.582,55.17241,2.161,12.559,15.425,64.4276,65.7,21.7,20.1,28.4,68.1,36.7,37.0,0
15,103.503,99.4018,4.10161,0.582,55.17241,2.161,12.559,15.425,64.4276,65.7,21.7,20.1,28.4,68.1,36.7,37.0,2,114.555,95.0304,19.5245,0.894,78.78788,1.736,83.511,28.23,62.5758,63.9,19.1,19.3,38.4,70.1,31.1,35.6,1
1,123.643,91.4115,32.232,0.974,94.11765,1.575,91.348,31.137,64.4098,65.6,15.8,23.3,35.3,71.9,32.2,41.3,8,113.269,94.9599,18.3096,0.862,81.25,1.801,36.183,15.383,65.0301,66.0,16.8,20.9,32.8,68.8,31.0,39.7,0
8,113.269,94.9599,18.3096,0.862,81.25,1.801,36.183,15.383,65.0301,66.0,16.8,20.9,32.8,68.8,31.0,39.7,1,123.643,91.4115,32.232,0.974,94.11765,1.575,91.348,31.137,64.4098,65.6,15.8,23.3,35.3,71.9,32.2,41.3,1
5,113.313,93.145,20.1684,0.903,64.51613,2.351,51.905,34.766,62.7344,63.5,18.9,18.9,40.5,64.4,33.7,33.5,4,117.76,92.4889,25.2715,0.947,75.75758,1.147,86.899,30.75,65.932,66.9,15.9,18.3,35.2,69.2,31.9,39.7,1
4,117.76,92.4889,25.2715,0.947,75.75758,1.147,86.899,30.75,65.932,66.9,15.9,18.3,35.2,69.2,31.9,39.7,5,113.313,93.145,20.1684,0.903,64.51613,2.351,51.905,34.766,62.7344,63.5,18.9,18.9,40.5,64.4,33.7,33.5,0
11,115.623,97.4927,18.1301,0.877,58.82353,1.908,24.152,33.868,66.7571,67.9,17.5,20.5,36.2,67.1,26.3,35.2,3,114.248,91.6187,22.6298,0.919,78.125,1.394,80.006,31.253,65.0381,66.5,18.3,20.7,37.0,66.5,31.4,35.7,0
3,114.248,91.6187,22.6298,0.919,78.125,1.394,80.006,31.253,65.0381,66.5,18.3,20.7,37.0,66.5,31.4,35.7,11,115.623,97.4927,18.1301,0.877,58.82353,1.908,24.152,33.868,66.7571,67.9,17.5,20.5,36.2,67.1,26.3,35.2,1
7,116.488,94.2736,22.2141,0.919,69.69697,1.918,72.558,26.105,70.7555,72.2,17.0,20.5,38.0,68.2,36.8,37.1,2,110.652,89.1087,21.5431,0.92,78.78788,1.088,91.173,33.486,70.5943,71.7,18.7,19.6,37.2,70.2,25.3,33.3,1
2,110.652,89.1087,21.5431,0.92,78.78788,1.088,91.173,33.486,70.5943,71.7,18.7,19.6,37.2,70.2,25.3,33.3,7,116.488,94.2736,22.2141,0.919,69.69697,1.918,72.558,26.105,70.7555,72.2,17.0,20.5,38.0,68.2,36.8,37.1,0
1,118.637,89.0891,29.5475,0.964,88.23529,1.669,77.815,29.3,69.1256,70.2,17.3,21.3,35.4,66.5,35.6,37.5,8,110.77,95.3533,15.4164,0.855,59.375,0.899,58.01,36.499,61.959,62.8,16.3,18.6,25.0,70.6,43.2,35.4,0
8,110.77,95.3533,15.4164,0.855,59.375,0.899,58.01,36.499,61.959,62.8,16.3,18.6,25.0,70.6,43.2,35.4,1,118.637,89.0891,29.5475,0.964,88.23529,1.669,77.815,29.3,69.1256,70.2,17.3,21.3,35.4,66.5,35.6,37.5,1
5,115.936,97.0522,18.8834,0.899,79.41176,1.39,73.308,25.335,65.5658,66.5,18.9,18.7,33.3,71.0,36.8,39.9,4,114.882,88.1564,26.7252,0.952,79.41176,1.47,87.745,27.862,65.8605,67.0,17.3,19.0,38.2,69.7,26.0,37.7,0
4,114.882,88.1564,26.7252,0.952,79.41176,1.47,87.745,27.862,65.8605,67.0,17.3,19.0,38.2,69.7,26.0,37.7,5,115.936,97.0522,18.8834,0.899,79.41176,1.39,73.308,25.335,65.5658,66.5,18.9,18.7,33.3,71.0,36.8,39.9,1
6,109.822,90.218,19.6039,0.894,75.75758,2.019,64.106,26.215,63.2667,64.5,18.1,22.4,38.4,69.4,34.2,33.9,3,114.804,93.1006,21.703,0.901,74.28571,0.943,62.489,35.894,65.3986,66.2,17.5,18.1,39.5,65.3,29.3,33.2,1
3,114.804,93.1006,21.703,0.901,74.28571,0.943,62.489,35.894,65.3986,66.2,17.5,18.1,39.5,65.3,29.3,33.2,6,109.822,90.218,19.6039,0.894,75.75758,2.019,64.106,26.215,63.2667,64.5,18.1,22.4,38.4,69.4,34.2,33.9,0
7,109.724,92.7362,16.988,0.859,78.125,1.787,27.287,20.89,64.7767,65.8,16.3,20.0,32.1,71.5,30.1,35.4,2,113.834,88.2242,25.6096,0.928,93.75,2.076,41.701,24.555,62.8786,63.9,17.2,19.9,37.6,70.0,30.2,33.6,1
2,113.834,88.2242,25.6096,0.928,93.75,2.076,41.701,24.555,62.8786,63.9,17.2,19.9,37.6,70.0,30.2,33.6,7,109.724,92.7362,16.988,0.859,78.125,1.787,27.287,20.89,64.7767,65.8,16.3,20.0,32.1,71.5,30.1,35.4,0
1,119.505,90.8029,28.7018,0.967,94.11765,1.993,76.479,26.504,68.9821,69.7,19.1,20.3,36.5,72.0,32.6,38.7,9,112.305,92.727,19.5782,0.922,59.375,1.966,69.318,35.021,65.2946,66.9,19.1,18.4,32.1,68.1,31.4,38.7,0
9,112.305,92.727,19.5782,0.922,59.375,1.966,69.318,35.021,65.2946,66.9,19.1,18.4,32.1,68.1,31.4,38.7,1,119.505,90.8029,28.7018,0.967,94.11765,1.993,76.479,26.504,68.9821,69.7,19.1,20.3,36.5,72.0,32.6,38.7,1
12,111.003,95.4298,15.5729,0.835,79.41176,2.275,19.193,18.354,63.1619,63.9,16.6,19.8,28.2,67.1,36.5,40.0,13,105.208,98.4152,6.79253,0.636,70.0,2.319,6.997,13.533,63.8399,64.7,23.4,22.9,41.3,72.1,33.0,34.9,0
13,105.208,98.4152,6.79253,0.636,70.0,2.319,6.997,13.533,63.8399,64.7,23.4,22.9,41.3,72.1,33.0,34.9,12,111.003,95.4298,15.5729,0.835,79.41176,2.275,19.193,18.354,63.1619,63.9,16.6,19.8,28.2,67.1,36.5,40.0,1
11,109.563,100.813,8.74997,0.711,67.64706,2.142,50.027,18.893,65.9737,66.9,17.5,22.5,31.6,63.6,40.8,35.9,3,115.013,89.4016,25.6115,0.938,78.125,1.788,77.588,34.119,66.3974,67.1,15.6,21.7,32.0,70.0,33.0,36.7,0
3,115.013,89.4016,25.6115,0.938,78.125,1.788,77.588,34.119,66.3974,67.1,15.6,21.7,32.0,70.0,33.0,36.7,11,109.563,100.813,8.74997,0.711,67.64706,2.142,50.027,18.893,65.9737,66.9,17.5,22.5,31.6,63.6,40.8,35.9,1
10,103.157,88.1874,14.9701,0.849,67.74194,1.687,76.219,27.172,67.5152,69.6,23.1,22.2,35.7,69.1,33.4,33.0,2,121.279,96.6246,24.6542,0.938,81.25,2.26,57.624,33.256,63.3777,64.6,16.4,15.9,33.8,70.1,38.4,39.2,0
2,121.279,96.6246,24.6542,0.938,81.25,2.26,57.624,33.256,63.3777,64.6,16.4,15.9,33.8,70.1,38.4,39.2,10,103.157,88.1874,14.9701,0.849,67.74194,1.687,76.219,27.172,67.5152,69.6,23.1,22.2,35.7,69.1,33.4,33.0,1
1,119.627,92.2012,27.4261,0.948,84.375,2.0,80.027,29.684,62.2651,63.8,18.3,17.8,42.8,70.9,27.4,39.0,8,112.272,97.278,14.9935,0.842,70.96774,1.978,45.189,20.08,63.7754,64.9,17.1,19.1,32.4,72.6,36.9,36.2,1
8,112.272,97.278,14.9935,0.842,70.96774,1.978,45.189,20.08,63.7754,64.9,17.1,19.1,32.4,72.6,36.9,36.2,1,119.627,92.2012,27.4261,0.948,84.375,2.0,80.027,29.684,62.2651,63.8,18.3,17.8,42.8,70.9,27.4,39.0,0
5,109.524,92.0845,17.4393,0.889,67.74194,1.511,43.162,29.925,66.786,68.4,21.7,22.7,41.2,69.0,33.0,37.4,4,121.946,96.348,25.5977,0.942,74.19355,1.978,66.994,34.801,56.891,57.9,12.8,16.8,34.2,73.0,40.5,37.1,1
4,121.946,96.348,25.5977,0.942,74.19355,1.978,66.994,34.801,56.891,57.9,12.8,16.8,34.2,73.0,40.5,37.1,5,109.524,92.0845,17.4393,0.889,67.74194,1.511,43.162,29.925,66.786,68.4,21.7,22.7,41.2,69.0,33.0,37.4,0
11,110.61,94.1013,16.5087,0.865,71.875,1.484,36.501,21.413,66.6571,68.2,19.7,21.3,35.5,71.1,28.4,35.6,3,117.73,94.2638,23.4657,0.922,87.87879,1.951,23.025,24.953,70.3423,71.4,15.3,20.3,31.5,71.3,37.1,36.1,1
3,117.73,94.2638,23.4657,0.922,87.87879,1.951,23.025,24.953,70.3423,71.4,15.3,20.3,31.5,71.3,37.1,36.1,11,110.61,94.1013,16.5087,0.865,71.875,1.484,36.501,21.413,66.6571,68.2,19.7,21.3,35.5,71.1,28.4,35.6,0
7,107.561,93.8189,13.7419,0.827,68.75,1.198,77.947,26.572,65.5545,66.5,22.1,17.9,36.0,68.6,29.3,32.9,2,114.555,95.0304,19.5245,0.894,78.78788,1.736,83.511,28.23,62.5758,63.9,19.1,19.3,38.4,70.1,31.1,35.6,1
2,114.555,95.0304,19.5245,0.894,78.78788,1.736,83.511,28.23,62.5758,63.9,19.1,19.3,38.4,70.1,31.1,35.6,7,107.561,93.8189,13.7419,0.827,68.75,1.198,77.947,26.572,65.5545,66.5,22.1,17.9,36.0,68.6,29.3,32.9,0
1,123.643,91.4115,32.232,0.974,94.11765,1.575,91.348,31.137,64.4098,65.6,15.8,23.3,35.3,71.9,32.2,41.3,4,117.76,92.4889,25.2715,0.947,75.75758,1.147,86.899,30.75,65.932,66.9,15.9,18.3,35.2,69.2,31.9,39.7,1
4,117.76,92.4889,25.2715,0.947,75.75758,1.147,86.899,30.75,65.932,66.9,15.9,18.3,35.2,69.2,31.9,39.7,1,123.643,91.4115,32.232,0.974,94.11765,1.575,91.348,31.137,64.4098,65.6,15.8,23.3,35.3,71.9,32.2,41.3,0
11,115.623,97.4927,18.1301,0.877,58.82353,1.908,24.152,33.868,66.7571,67.9,17.5,20.5,36.2,67.1,26.3,35.2,2,110.652,89.1087,21.5431,0.92,78.78788,1.088,91.173,33.486,70.5943,71.7,18.7,19.6,37.2,70.2,25.3,33.3,1
2,110.652,89.1087,21.5431,0.92,78.78788,1.088,91.173,33.486,70.5943,71.7,18.7,19.6,37.2,70.2,25.3,33.3,11,115.623,97.4927,18.1301,0.877,58.82353,1.908,24.152,33.868,66.7571,67.9,17.5,20.5,36.2,67.1,26.3,35.2,0
1,118.637,89.0891,29.5475,0.964,88.23529,1.669,77.815,29.3,69.1256,70.2,17.3,21.3,35.4,66.5,35.6,37.5,5,115.936,97.0522,18.8834,0.899,79.41176,1.39,73.308,25.335,65.5658,66.5,18.9,18.7,33.3,71.0,36.8,39.9,1
5,115.936,97.0522,18.8834,0.899,79.41176,1.39,73.308,25.335,65.5658,66.5,18.9,18.7,33.3,71.0,36.8,39.9,1,118.637,89.0891,29.5475,0.964,88.23529,1.669,77.815,29.3,69.1256,70.2,17.3,21.3,35.4,66.5,35.6,37.5,0
3,114.804,93.1006,21.703,0.901,74.28571,0.943,62.489,35.894,65.3986,66.2,17.5,18.1,39.5,65.3,29.3,33.2,2,113.834,88.2242,25.6096,0.928,93.75,2.076,41.701,24.555,62.8786,63.9,17.2,19.9,37.6,70.0,30.2,33.6,0
2,113.834,88.2242,25.6096,0.928,93.75,2.076,41.701,24.555,62.8786,63.9,17.2,19.9,37.6,70.0,30.2,33.6,3,114.804,93.1006,21.703,0.901,74.28571,0.943,62.489,35.894,65.3986,66.2,17.5,18.1,39.5,65.3,29.3,33.2,1
1,119.505,90.8029,28.7018,0.967,94.11765,1.993,76.479,26.504,68.9821,69.7,19.1,20.3,36.5,72.0,32.6,38.7,12,111.003,95.4298,15.5729,0.835,79.41176,2.275,19.193,18.354,63.1619,63.9,16.6,19.8,28.2,67.1,36.5,40.0,0
12,111.003,95.4298,15.5729,0.835,79.41176,2.275,19.193,18.354,63.1619,63.9,16.6,19.8,28.2,67.1,36.5,40.0,1,119.505,90.8029,28.7018,0.967,94.11765,1.993,76.479,26.504,68.9821,69.7,19.1,20.3,36.5,72.0,32.6,38.7,1
11,109.563,100.813,8.74997,0.711,67.64706,2.142,50.027,18.893,65.9737,66.9,17.5,22.5,31.6,63.6,40.8,35.9,10,103.157,88.1874,14.9701,0.849,67.74194,1.687,76.219,27.172,67.5152,69.6,23.1,22.2,35.7,69.1,33.4,33.0,0
10,103.157,88.1874,14.9701,0.849,67.74194,1.687,76.219,27.172,67.5152,69.6,23.1,22.2,35.7,69.1,33.4,33.0,11,109.563,100.813,8.74997,0.711,67.64706,2.142,50.027,18.893,65.9737,66.9,17.5,22.5,31.6,63.6,40.8,35.9,1
8,112.272,97.278,14.9935,0.842,70.96774,1.978,45.189,20.08,63.7754,64.9,17.1,19.1,32.4,72.6,36.9,36.2,4,121.946,96.348,25.5977,0.942,74.19355,1.978,66.994,34.801,56.891,57.9,12.8,16.8,34.2,73.0,40.5,37.1,0
4,121.946,96.348,25.5977,0.942,74.19355,1.978,66.994,34.801,56.891,57.9,12.8,16.8,34.2,73.0,40.5,37.1,8,112.272,97.278,14.9935,0.842,70.96774,1.978,45.189,20.08,63.7754,64.9,17.1,19.1,32.4,72.6,36.9,36.2,1
3,117.73,94.2638,23.4657,0.922,87.87879,1.951,23.025,24.953,70.3423,71.4,15.3,20.3,31.5,71.3,37.1,36.1,2,114.555,95.0304,19.5245,0.894,78.78788,1.736,83.511,28.23,62.5758,63.9,19.1,19.3,38.4,70.1,31.1,35.6,1
2,114.555,95.0304,19.5245,0.894,78.78788,1.736,83.511,28.23,62.5758,63.9,19.1,19.3,38.4,70.1,31.1,35.6,3,117.73,94.2638,23.4657,0.922,87.87879,1.951,23.025,24.953,70.3423,71.4,15.3,20.3,31.5,71.3,37.1,36.1,0
4,117.76,92.4889,25.2715,0.947,75.75758,1.147,86.899,30.75,65.932,66.9,15.9,18.3,35.2,69.2,31.9,39.7,2,110.652,89.1087,21.5431,0.92,78.78788,1.088,91.173,33.486,70.5943,71.7,18.7,19.6,37.2,70.2,25.3,33.3,0
2,110.652,89.1087,21.5431,0.92,78.78788,1.088,91.173,33.486,70.5943,71.7,18.7,19.6,37.2,70.2,25.3,33.3,4,117.76,92.4889,25.2715,0.947,75.75758,1.147,86.899,30.75,65.932,66.9,15.9,18.3,35.2,69.2,31.9,39.7,1
5,115.936,97.0522,18.8834,0.899,79.41176,1.39,73.308,25.335,65.5658,66.5,18.9,18.7,33.3,71.0,36.8,39.9,3,114.804,93.1006,21.703,0.901,74.28571,0.943,62.489,35.894,65.3986,66.2,17.5,18.1,39.5,65.3,29.3,33.2,1
3,114.804,93.1006,21.703,0.901,74.28571,0.943,62.489,35.894,65.3986,66.2,17.5,18.1,39.5,65.3,29.3,33.2,5,115.936,97.0522,18.8834,0.899,79.41176,1.39,73.308,25.335,65.5658,66.5,18.9,18.7,33.3,71.0,36.8,39.9,0
1,119.505,90.8029,28.7018,0.967,94.11765,1.993,76.479,26.504,68.9821,69.7,19.1,20.3,36.5,72.0,32.6,38.7,11,109.563,100.813,8.74997,0.711,67.64706,2.142,50.027,18.893,65.9737,66.9,17.5,22.5,31.6,63.6,40.8,35.9,1
11,109.563,100.813,8.74997,0.711,67.64706,2.142,50.027,18.893,65.9737,66.9,17.5,22.5,31.6,63.6,40.8,35.9,1,119.505,90.8029,28.7018,0.967,94.11765,1.993,76.479,26.504,68.9821,69.7,19.1,20.3,36.5,72.0,32.6,38.7,0
8,112.272,97.278,14.9935,0.842,70.96774,1.978,45.189,20.08,63.7754,64.9,17.1,19.1,32.4,72.6,36.9,36.2,2,114.555,95.0304,19.5245,0.894,78.78788,1.736,83.511,28.23,62.5758,63.9,19.1,19.3,38.4,70.1,31.1,35.6,0
2,114.555,95.0304,19.5245,0.894,78.78788,1.736,83.511,28.23,62.5758,63.9,19.1,19.3,38.4,70.1,31.1,35.6,8,112.272,97.278,14.9935,0.842,70.96774,1.978,45.189,20.08,63.7754,64.9,17.1,19.1,32.4,72.6,36.9,36.2,1
4,117.76,92.4889,25.2715,0.947,75.75758,1.147,86.899,30.75,65.932,66.9,15.9,18.3,35.2,69.2,31.9,39.7,3,114.804,93.1006,21.703,0.901,74.28571,0.943,62.489,35.894,65.3986,66.2,17.5,18.1,39.5,65.3,29.3,33.2,1
3,114.804,93.1006,21.703,0.901,74.28571,0.943,62.489,35.894,65.3986,66.2,17.5,18.1,39.5,65.3,29.3,33.2,4,117.76,92.4889,25.2715,0.947,75.75758,1.147,86.899,30.75,65.932,66.9,15.9,18.3,35.2,69.2,31.9,39.7,0
11,109.563,100.813,8.74997,0.711,67.64706,2.142,50.027,18.893,65.9737,66.9,17.5,22.5,31.6,63.6,40.8,35.9,8,112.272,97.278,14.9935,0.842,70.96774,1.978,45.189,20.08,63.7754,64.9,17.1,19.1,32.4,72.6,36.9,36.2,1
8,112.272,97.278,14.9935,0.842,70.96774,1.978,45.189,20.08,63.7754,64.9,17.1,19.1,32.4,72.6,36.9,36.2,11,109.563,100.813,8.74997,0.711,67.64706,2.142,50.027,18.893,65.9737,66.9,17.5,22.5,31.6,63.6,40.8,35.9,0
3,114.804,93.1006,21.703,0.901,74.28571,0.943,62.489,35.894,65.3986,66.2,17.5,18.1,39.5,65.3,29.3,33.2,8,112.272,97.278,14.9935,0.842,70.96774,1.978,45.189,20.08,63.7754,64.9,17.1,19.1,32.4,72.6,36.9,36.2,0
8,112.272,97.278,14.9935,0.842,70.96774,1.978,45.189,20.08,63.7754,64.9,17.1,19.1,32.4,72.6,36.9,36.2,3,114.804,93.1006,21.703,0.901,74.28571,0.943,62.489,35.894,65.3986,66.2,17.5,18.1,39.5,65.3,29.3,33.2,1
1,119.854,87.3419,32.5121,0.97,94.11765,1.425,85.29,33.083,66.6569,68.4,18.5,20.2,38.2,68.3,30.4,40.9,16,104.907,106.362,-1.45422,0.44,68.75,1.651,10.619,7.914,68.4313,70.6,18.5,19.4,29.7,70.9,29.7,40.0,0
16,104.907,106.362,-1.45422,0.44,68.75,1.651,10.619,7.914,68.4313,70.6,18.5,19.4,29.7,70.9,29.7,40.0,1,119.854,87.3419,32.5121,0.97,94.11765,1.425,85.29,33.083,66.6569,68.4,18.5,20.2,38.2,68.3,30.4,40.9,1
8,109.859,92.6156,17.2431,0.879,75.0,1.461,51.719,22.024,65.9121,67.8,17.3,22.6,28.6,69.6,35.4,33.1,9,108.029,89.7638,18.2648,0.886,87.5,1.964,12.129,18.366,58.576,60.3,17.7,20.6,30.7,74.1,37.4,35.3,1
9,108.029,89.7638,18.2648,0.886,87.5,1.964,12.129,18.366,58.576,60.3,17.7,20.6,30.7,74.1,37.4,35.3,8,109.859,92.6156,17.2431,0.879,75.0,1.461,51.719,22.024,65.9121,67.8,17.3,22.6,28.6,69.6,35.4,33.1,0
5,112.268,91.9702,20.2975,0.901,75.0,1.634,87.758,28.984,65.5206,67.5,21.0,19.4,40.5,71.6,25.2,33.3,12,111.342,105.22,6.12172,0.598,65.625,1.708,19.361,21.528,70.1148,72.0,17.9,18.6,29.7,65.9,38.7,37.4,0
12,111.342,105.22,6.12172,0.598,65.625,1.708,19.361,21.528,70.1148,72.0,17.9,18.6,29.7,65.9,38.7,37.4,5,112.268,91.9702,20.2975,0.901,75.0,1.634,87.758,28.984,65.5206,67.5,21.0,19.4,40.5,71.6,25.2,33.3,1
4,117.599,94.8962,22.7026,0.914,73.33333,2.003,75.457,30.926,68.1243,70.4,16.7,21.5,35.3,62.9,24.5,38.8,13,111.84,102.537,9.30246,0.736,54.54545,1.998,23.414,20.266,70.8516,72.8,12.5,23.4,30.8,61.7,35.5,35.6,0
13,111.84,102.537,9.30246,0.736,54.54545,1.998,23.414,20.266,70.8516,72.8,12.5,23.4,30.8,61.7,35.5,35.6,4,117.599,94.8962,22.7026,0.914,73.33333,2.003,75.457,30.926,68.1243,70.4,16.7,21.5,35.3,62.9,24.5,38.8,1
6,106.604,89.2115,17.3928,0.883,75.75758,1.941,51.85,29.253,67.6684,69.6,18.7,23.7,32.5,68.2,31.7,31.3,11,111.49,94.1721,17.3175,0.849,74.19355,1.438,48.75,24.05,62.9348,64.4,21.0,20.7,40.2,68.2,30.7,32.3,0
11,111.49,94.1721,17.3175,0.849,74.19355,1.438,48.75,24.05,62.9348,64.4,21.0,20.7,40.2,68.2,30.7,32.3,6,106.604,89.2115,17.3928,0.883,75.75758,1.941,51.85,29.253,67.6684,69.6,18.7,23.7,32.5,68.2,31.7,31.3,1
3,116.551,92.2687,24.2828,0.922,69.69697,1.295,87.834,35.728,65.0947,66.6,20.8,19.8,32.8,67.8,30.0,38.8,14,105.808,98.4546,7.35379,0.652,58.82353,1.364,24.434,13.908,68.1933,70.1,18.1,21.4,31.1,66.1,35.2,35.8,1
14,105.808,98.4546,7.35379,0.652,58.82353,1.364,24.434,13.908,68.1933,70.1,18.1,21.4,31.1,66.1,35.2,35.8,3,116.551,92.2687,24.2828,0.922,69.69697,1.295,87.834,35.728,65.0947,66.6,20.8,19.8,32.8,67.8,30.0,38.8,0
7,111.497,94.9637,16.5333,0.893,68.75,1.456,59.468,30.206,66.2045,67.9,18.4,19.3,29.5,72.4,41.9,35.2,10,108.997,90.9613,18.0357,0.893,63.63636,1.267,83.706,33.163,67.9549,69.8,23.1,21.3,38.3,65.7,28.3,36.7,1
10,108.997,90.9613,18.0357,0.893,63.63636,1.267,83.706,33.163,67.9549,69.8,23.1,21.3,38.3,65.7,28.3,36.7,7,111.497,94.9637,16.5333,0.893,68.75,1.456,59.468,30.206,66.2045,67.9,18.4,19.3,29.5,72.4,41.9,35.2,0
2,117.429,91.9581,25.4713,0.94,79.41176,1.975,77.427,30.606,64.023,66.1,17.3,21.7,29.4,71.5,34.9,38.8,15,100.038,97.6604,2.37748,0.579,67.85714,1.468,8.349,13.504,66.0756,67.6,22.8,22.3,27.5,67.3,36.1,37.8,0
15,100.038,97.6604,2.37748,0.579,67.85714,1.468,8.349,13.504,66.0756,67.6,22.8,22.3,27.5,67.3,36.1,37.8,2,117.429,91.9581,25.4713,0.94,79.41176,1.975,77.427,30.606,64.023,66.1,17.3,21.7,29.4,71.5,34.9,38.8,1
1,118.167,90.5783,27.5886,0.953,87.5,1.804,56.087,28.835,68.6909,71.5,21.1,22.7,37.2,65.0,29.9,38.5,16,103.697,100.573,3.12414,0.557,73.52941,2.038,26.761,8.712,65.8979,68.2,20.7,20.1,36.2,66.7,27.6,32.1,0
16,103.697,100.573,3.12414,0.557,73.52941,2.038,26.761,8.712,65.8979,68.2,20.7,20.1,36.2,66.7,27.6,32.1,1,118.167,90.5783,27.5886,0.953,87.5,1.804,56.087,28.835,68.6909,71.5,21.1,22.7,37.2,65.0,29.9,38.5,1
8,112.378,95.585,16.7934,0.875,80.64516,1.25,51.509,22.1,67.0743,69.5,18.6,18.3,32.4,71.4,27.8,36.5,9,104.941,86.3361,18.605,0.898,70.96774,1.262,83.764,31.177,64.8904,67.3,24.7,23.7,38.6,67.4,32.0,33.6,0
9,104.941,86.3361,18.605,0.898,70.96774,1.262,83.764,31.177,64.8904,67.3,24.7,23.7,38.6,67.4,32.0,33.6,8,112.378,95.585,16.7934,0.875,80.64516,1.25,51.509,22.1,67.0743,69.5,18.6,18.3,32.4,71.4,27.8,36.5,1
5,110.745,90.7154,20.0295,0.895,87.5,1.671,31.589,20.638,63.243,65.1,19.2,21.1,31.2,72.9,39.4,34.2,12,107.504,89.9248,17.5793,0.886,81.25,1.843,23.484,19.818,67.4737,69.3,18.6,22.5,29.2,69.7,31.2,34.7,0
12,107.504,89.9248,17.5793,0.886,81.25,1.843,23.484,19.818,67.4737,69.3,18.6,22.5,29.2,69.7,31.2,34.7,5,110.745,90.7154,20.0295,0.895,87.5,1.671,31.589,20.638,63.243,65.1,19.2,21.1,31.2,72.9,39.4,34.2,1
4,113.609,96.0838,17.5253,0.881,74.19355,1.374,72.84,29.018,68.4945,69.8,19.4,19.3,32.7,65.0,30.0,37.0,13,108.952,94.3666,14.5856,0.791,87.5,1.736,12.64,9.836,65.5723,67.4,21.4,24.4,39.1,66.7,31.3,37.2,1
13,108.952,94.3666,14.5856,0.791,87.5,1.736,12.64,9.836,65.5723,67.4,21.4,24.4,39.1,66.7,31.3,37.2,4,113.609,96.0838,17.5253,0.881,74.19355,1.374,72.84,29.018,68.4945,69.8,19.4,19.3,32.7,65.0,30.0,37.0,0
6,114.769,94.9437,19.8256,0.897,75.0,1.45,54.813,27.451,68.8639,70.3,18.3,18.2,35.0,70.6,31.7,37.2,11,112.547,93.7989,18.7481,0.902,61.76471,1.739,60.317,30.379,65.3869,67.4,19.1,21.6,33.4,68.0,31.3,40.4,0
11,112.547,93.7989,18.7481,0.902,61.76471,1.739,60.317,30.379,65.3869,67.4,19.1,21.6,33.4,68.0,31.3,40.4,6,114.769,94.9437,19.8256,0.897,75.0,1.45,54.813,27.451,68.8639,70.3,18.3,18.2,35.0,70.6,31.7,37.2,1
3,111.307,92.5315,18.7753,0.883,75.0,1.44,68.381,29.605,60.3262,62.0,19.5,16.9,37.3,68.4,29.3,34.3,14,107.635,103.917,3.71824,0.585,75.0,1.964,15.114,18.062,68.5659,69.9,19.6,18.3,37.2,68.8,30.9,32.0,0
14,107.635,103.917,3.71824,0.585,75.0,1.964,15.114,18.062,68.5659,69.9,19.6,18.3,37.2,68.8,30.9,32.0,3,111.307,92.5315,18.7753,0.883,75.0,1.44,68.381,29.605,60.3262,62.0,19.5,16.9,37.3,68.4,29.3,34.3,1
7,117.315,92.8309,24.4842,0.934,84.84848,1.561,27.091,21.607,70.9239,72.0,15.9,22.0,31.0,73.0,33.2,41.6,10,112.433,97.4388,14.9939,0.845,63.63636,1.486,89.841,29.304,63.5599,65.7,18.3,20.6,36.7,67.0,32.0,31.3,0
10,112.433,97.4388,14.9939,0.845,63.63636,1.486,89.841,29.304,63.5599,65.7,18.3,20.6,36.7,67.0,32.0,31.3,7,117.315,92.8309,24.4842,0.934,84.84848,1.561,27.091,21.607,70.9239,72.0,15.9,22.0,31.0,73.0,33.2,41.6,1
2,115.425,90.4885,24.9367,0.946,78.125,1.717,43.295,35.3,69.501,71.0,20.2,23.6,41.0,66.8,32.2,35.7,15,102.939,103.298,-0.35881,0.458,73.33333,1.925,20.119,10.93,67.1128,68.7,21.1,18.3,32.2,70.1,30.3,33.1,0
15,102.939,103.298,-0.35881,0.458,73.33333,1.925,20.119,10.93,67.1128,68.7,21.1,18.3,32.2,70.1,30.3,33.1,2,115.425,90.4885,24.9367,0.946,78.125,1.717,43.295,35.3,69.501,71.0,20.2,23.6,41.0,66.8,32.2,35.7,1
1,114.384,89.4743,24.9097,0.945,94.11765,0.851,90.246,24.373,67.5908,69.5,20.5,19.9,40.8,68.0,29.9,34.1,16,100.3,97.8928,2.40771,0.532,57.57576,1.558,16.46,13.94,66.1025,68.3,21.2,24.2,35.1,66.2,28.9,31.4,0
16,100.3,97.8928,2.40771,0.532,57.57576,1.558,16.46,13.94,66.1025,68.3,21.2,24.2,35.1,66.2,28.9,31.4,1,114.384,89.4743,24.9097,0.945,94.11765,0.851,90.246,24.373,67.5908,69.5,20.5,19.9,40.8,68.0,29.9,34.1,1
8,113.444,92.8117,20.6323,0.917,72.72727,1.575,85.262,31.848,71.1683,72.9,18.7,20.3,39.6,68.4,25.9,34.5,9,106.69,91.7943,14.8954,0.853,65.51724,1.84,78.599,30.998,68.4678,70.4,21.1,19.6,38.5,66.1,23.2,31.3,1
9,106.69,91.7943,14.8954,0.853,65.51724,1.84,78.599,30.998,68.4678,70.4,21.1,19.6,38.5,66.1,23.2,31.3,8,113.444,92.8117,20.6323,0.917,72.72727,1.575,85.262,31.848,71.1683,72.9,18.7,20.3,39.6,68.4,25.9,34.5,0
5,107.306,86.2797,21.0266,0.912,85.29412,1.792,31.121,23.817,59.9751,61.6,16.8,18.1,32.5,72.4,31.1,33.8,12,115.443,101.891,13.552,0.803,86.2069,2.416,1.23,16.574,63.4422,65.9,18.5,20.9,32.0,70.3,39.9,43.7,1
12,115.443,101.891,13.552,0.803,86.2069,2.416,1.23,16.574,63.4422,65.9,18.5,20.9,32.0,70.3,39.9,43.7,5,107.306,86.2797,21.0266,0.912,85.29412,1.792,31.121,23.817,59.9751,61.6,16.8,18.1,32.5,72.4,31.1,33.8,0
4,115.399,89.8348,25.564,0.949,74.19355,1.925,73.327,31.074,58.6587,60.4,14.7,20.1,30.4,74.2,39.8,36.1,13,104.267,94.8414,9.42513,0.74,75.75758,1.877,9.27,14.561,63.1377,64.6,18.2,21.6,33.5,70.7,31.2,34.7,0
13,104.267,94.8414,9.42513,0.74,75.75758,1.877,9.27,14.561,63.1377,64.6,18.2,21.6,33.5,70.7,31.2,34.7,4,115.399,89.8348,25.564,0.949,74.19355,1.925,73.327,31.074,58.6587,60.4,14.7,20.1,30.4,74.2,39.8,36.1,1
6,114.599,94.1043,20.4947,0.901,66.66667,2.201,17.888,31.568,61.8892,64.2,15.8,22.1,31.4,66.9,35.1,40.6,11,111.513,93.6021,17.9107,0.884,72.72727,1.502,80.577,24.044,71.3389,73.3,17.5,22.0,37.4,68.4,25.8,32.5,1
11,111.513,93.6021,17.9107,0.884,72.72727,1.502,80.577,24.044,71.3389,73.3,17.5,22.0,37.4,68.4,25.8,32.5,6,114.599,94.1043,20.4947,0.901,66.66667,2.201,17.888,31.568,61.8892,64.2,15.8,22.1,31.4,66.9,35.1,40.6,0
3,114.142,96.7568,17.3849,0.876,87.87879,1.508,49.461,21.234,67.1887,68.7,16.4,20.3,35.8,73.2,36.9,37.5,14,106.707,98.1992,8.50753,0.611,68.96552,2.025,21.883,11.471,61.6822,63.2,19.1,19.8,30.0,70.3,32.1,39.8,0
14,106.707,98.1992,8.50753,0.611,68.96552,2.025,21.883,11.471,61.6822,63.2,19.1,19.8,30.0,70.3,32.1,39.8,3,114.142,96.7568,17.3849,0.876,87.87879,1.508,49.461,21.234,67.1887,68.7,16.4,20.3,35.8,73.2,36.9,37.5,1
7,109.94,90.3071,19.633,0.912,67.74194,1.583,61.661,30.403,67.2015,69.5,21.2,25.0,36.2,66.4,33.4,33.6,10,110.105,90.4261,19.6787,0.912,68.75,1.738,48.074,29.614,68.6097,70.9,18.1,27.3,34.8,62.1,33.4,37.1,1
10,110.105,90.4261,19.6787,0.912,68.75,1.738,48.074,29.614,68.6097,70.9,18.1,27.3,34.8,62.1,33.4,37.1,7,109.94,90.3071,19.633,0.912,67.74194,1.583,61.661,30.403,67.2015,69.5,21.2,25.0,36.2,66.4,33.4,33.6,0
2,117.329,91.5966,25.7322,0.936,81.81818,1.753,69.372,34.312,62.3139,63.7,18.1,20.9,42.4,68.8,35.5,33.6,15,105.657,103.75,1.90682,0.511,75.0,1.776,0.2,11.49,68.151,70.0,19.1,20.3,40.1,65.4,27.5,33.8,0
15,105.657,103.75,1.90682,0.511,75.0,1.776,0.2,11.49,68.151,70.0,19.1,20.3,40.1,65.4,27.5,33.8,2,117.329,91.5966,25.7322,0.936,81.81818,1.753,69.372,34.312,62.3139,63.7,18.1,20.9,42.4,68.8,35.5,33.6,1
1,119.296,87.7467,31.5489,0.97,85.29412,2.027,88.055,31.735,64.9637,67.2,16.4,21.9,40.4,67.5,32.8,38.2,16,91.8221,99.7369,-7.91476,0.3,51.6129,2.365,0.2,18.903,64.9785,67.3,24.5,20.6,35.8,73.4,25.7,30.2,0
16,91.8221,99.7369,-7.91476,0.3,51.6129,2.365,0.2,18.903,64.9785,67.3,24.5,20.6,35.8,73.4,25.7,30.2,1,119.296,87.7467,31.5489,0.97,85.29412,2.027,88.055,31.735,64.9637,67.2,16.4,21.9,40.4,67.5,32.8,38.2,1
8,119.968,97.7354,22.2322,0.919,69.69697,2.356,54.719,28.292,67.121,68.7,17.5,18.9,35.2,69.3,30.2,37.3,9,115.013,97.1787,17.834,0.868,62.5,1.649,78.786,30.501,65.9182,67.4,19.9,22.3,39.7,62.8,39.9,33.9,0
9,115.013,97.1787,17.834,0.868,62.5,1.649,78.786,30.501,65.9182,67.4,19.9,22.3,39.7,62.8,39.9,33.9,8,119.968,97.7354,22.2322,0.919,69.69697,2.356,54.719,28.292,67.121,68.7,17.5,18.9,35.2,69.3,30.2,37.3,1
5,112.093,91.9447,20.1487,0.901,70.96774,1.698,77.137,35.891,64.0152,66.1,18.4,20.9,33.9,69.5,34.5,33.6,12,116.361,95.0722,21.2893,0.902,78.78788,1.965,9.11,15.1,59.4224,61.8,16.3,17.6,33.8,73.0,29.7,42.2,0
12,116.361,95.0722,21.2893,0.902,78.78788,1.965,9.11,15.1,59.4224,61.8,16.3,17.6,33.8,73.0,29.7,42.2,5,112.093,91.9447,20.1487,0.901,70.96774,1.698,77.137,35.891,64.0152,66.1,18.4,20.9,33.9,69.5,34.5,33.6,1
4,110.762,88.1665,22.5959,0.933,84.375,1.783,73.138,29.198,65.4793,67.5,16.3,23.8,30.7,68.6,30.3,31.9,13,109.569,95.6534,13.9156,0.804,81.81818,2.178,13.214,16.852,68.3596,70.6,17.4,21.7,35.6,70.1,24.6,32.3,0
13,109.569,95.6534,13.9156,0.804,81.81818,2.178,13.214,16.852,68.3596,70.6,17.4,21.7,35.6,70.1,24.6,32.3,4,110.762,88.1665,22.5959,0.933,84.375,1.783,73.138,29.198,65.4793,67.5,16.3,23.8,30.7,68.6,30.3,31.9,1
6,119.809,101.439,18.3693,0.88,67.64706,2.332,57.766,27.053,62.3372,64.9,15.9,16.0,34.5,69.5,34.2,39.4,11,107.842,90.1999,17.6423,0.882,76.47059,1.96,4.171,20.316,62.4677,63.8,20.2,22.5,42.8,70.4,25.4,31.6,1
11,107.842,90.1999,17.6423,0.882,76.47059,1.96,4.171,20.316,62.4677,63.8,20.2,22.5,42.8,70.4,25.4,31.6,6,119.809,101.439,18.3693,0.88,67.64706,2.332,57.766,27.053,62.3372,64.9,15.9,16.0,34.5,69.5,34.2,39.4,0
3,118.384,94.9837,23.4007,0.921,77.41935,1.704,62.004,33.152,64.0252,65.7,20.6,17.8,38.3,67.0,32.5,38.6,14,110.763,103.694,7.06873,0.692,75.0,2.309,2.044,12.73,68.6965,70.0,18.9,21.1,34.4,69.6,39.8,38.5,0
14,110.763,103.694,7.06873,0.692,75.0,2.309,2.044,12.73,68.6965,70.0,18.9,21.1,34.4,69.6,39.8,38.5,3,118.384,94.9837,23.4007,0.921,77.41935,1.704,62.004,33.152,64.0252,65.7,20.6,17.8,38.3,67.0,32.5,38.6,1
7,108.108,92.8809,15.2274,0.845,76.47059,2.066,22.243,24.758,62.1031,63.9,16.9,22.8,26.7,64.8,36.1,35.1,10,116.442,97.0364,19.4058,0.875,83.33333,1.478,22.783,17.876,66.3664,68.2,17.0,16.3,33.9,69.1,35.6,41.1,1
10,116.442,97.0364,19.4058,0.875,83.33333,1.478,22.783,17.876,66.3664,68.2,17.0,16.3,33.9,69.1,35.6,41.1,7,108.108,92.8809,15.2274,0.845,76.47059,2.066,22.243,24.758,62.1031,63.9,16.9,22.8,26.7,64.8,36.1,35.1,0
2,118.572,95.5965,22.9755,0.923,77.41935,1.602,89.439,33.157,71.172,72.7,19.1,20.9,38.0,68.1,34.5,37.6,15,99.6218,101.452,-1.83054,0.426,67.64706,1.814,7.912,10.542,65.7182,67.4,21.7,23.2,34.5,67.5,29.0,36.5,0
15,99.6218,101.452,-1.83054,0.426,67.64706,1.814,7.912,10.542,65.7182,67.4,21.7,23.2,34.5,67.5,29.0,36.5,2,118.572,95.5965,22.9755,0.923,77.41935,1.602,89.439,33.157,71.172,72.7,19.1,20.9,38.0,68.1,34.5,37.6,1
1,119.854,87.3419,32.5121,0.97,94.11765,1.425,85.29,33.083,66.6569,68.4,18.5,20.2,38.2,68.3,30.4,40.9,9,108.029,89.7638,18.2648,0.886,87.5,1.964,12.129,18.366,58.576,60.3,17.7,20.6,30.7,74.1,37.4,35.3,1
9,108.029,89.7638,18.2648,0.886,87.5,1.964,12.129,18.366,58.576,60.3,17.7,20.6,30.7,74.1,37.4,35.3,1,119.854,87.3419,32.5121,0.97,94.11765,1.425,85.29,33.083,66.6569,68.4,18.5,20.2,38.2,68.3,30.4,40.9,0
5,112.268,91.9702,20.2975,0.901,75.0,1.634,87.758,28.984,65.5206,67.5,21.0,19.4,40.5,71.6,25.2,33.3,4,117.599,94.8962,22.7026,0.914,73.33333,2.003,75.457,30.926,68.1243,70.4,16.7,21.5,35.3,62.9,24.5,38.8,0
4,117.599,94.8962,22.7026,0.914,73.33333,2.003,75.457,30.926,68.1243,70.4,16.7,21.5,35.3,62.9,24.5,38.8,5,112.268,91.9702,20.2975,0.901,75.0,1.634,87.758,28.984,65.5206,67.5,21.0,19.4,40.5,71.6,25.2,33.3,1
6,106.604,89.2115,17.3928,0.883,75.75758,1.941,51.85,29.253,67.6684,69.6,18.7,23.7,32.5,68.2,31.7,31.3,14,105.808,98.4546,7.35379,0.652,58.82353,1.364,24.434,13.908,68.1933,70.1,18.1,21.4,31.1,66.1,35.2,35.8,0
14,105.808,98.4546,7.35379,0.652,58.82353,1.364,24.434,13.908,68.1933,70.1,18.1,21.4,31.1,66.1,35.2,35.8,6,106.604,89.2115,17.3928,0.883,75.75758,1.941,51.85,29.253,67.6684,69.6,18.7,23.7,32.5,68.2,31.7,31.3,1
10,108.997,90.9613,18.0357,0.893,63.63636,1.267,83.706,33.163,67.9549,69.8,23.1,21.3,38.3,65.7,28.3,36.7,2,117.429,91.9581,25.4713,0.94,79.41176,1.975,77.427,30.606,64.023,66.1,17.3,21.7,29.4,71.5,34.9,38.8,1
2,117.429,91.9581,25.4713,0.94,79.41176,1.975,77.427,30.606,64.023,66.1,17.3,21.7,29.4,71.5,34.9,38.8,10,108.997,90.9613,18.0357,0.893,63.63636,1.267,83.706,33.163,67.9549,69.8,23.1,21.3,38.3,65.7,28.3,36.7,0
1,118.167,90.5783,27.5886,0.953,87.5,1.804,56.087,28.835,68.6909,71.5,21.1,22.7,37.2,65.0,29.9,38.5,8,112.378,95.585,16.7934,0.875,80.64516,1.25,51.509,22.1,67.0743,69.5,18.6,18.3,32.4,71.4,27.8,36.5,0
8,112.378,95.585,16.7934,0.875,80.64516,1.25,51.509,22.1,67.0743,69.5,18.6,18.3,32.4,71.4,27.8,36.5,1,118.167,90.5783,27.5886,0.953,87.5,1.804,56.087,28.835,68.6909,71.5,21.1,22.7,37.2,65.0,29.9,38.5,1
5,110.745,90.7154,20.0295,0.895,87.5,1.671,31.589,20.638,63.243,65.1,19.2,21.1,31.2,72.9,39.4,34.2,13,108.952,94.3666,14.5856,0.791,87.5,1.736,12.64,9.836,65.5723,67.4,21.4,24.4,39.1,66.7,31.3,37.2,0
13,108.952,94.3666,14.5856,0.791,87.5,1.736,12.64,9.836,65.5723,67.4,21.4,24.4,39.1,66.7,31.3,37.2,5,110.745,90.7154,20.0295,0.895,87.5,1.671,31.589,20.638,63.243,65.1,19.2,21.1,31.2,72.9,39.4,34.2,1
6,114.769,94.9437,19.8256,0.897,75.0,1.45,54.813,27.451,68.8639,70.3,18.3,18.2,35.0,70.6,31.7,37.2,3,111.307,92.5315,18.7753,0.883,75.0,1.44,68.381,29.605,60.3262,62.0,19.5,16.9,37.3,68.4,29.3,34.3,0
3,111.307,92.5315,18.7753,0.883,75.0,1.44,68.381,29.605,60.3262,62.0,19.5,16.9,37.3,68.4,29.3,34.3,6,114.769,94.9437,19.8256,0.897,75.0,1.45,54.813,27.451,68.8639,70.3,18.3,18.2,35.0,70.6,31.7,37.2,1
7,117.315,92.8309,24.4842,0.934,84.84848,1.561,27.091,21.607,70.9239,72.0,15.9,22.0,31.0,73.0,33.2,41.6,2,115.425,90.4885,24.9367,0.946,78.125,1.717,43.295,35.3,69.501,71.0,20.2,23.6,41.0,66.8,32.2,35.7,1
2,115.425,90.4885,24.9367,0.946,78.125,1.717,43.295,35.3,69.501,71.0,20.2,23.6,41.0,66.8,32.2,35.7,7,117.315,92.8309,24.4842,0.934,84.84848,1.561,27.091,21.607,70.9239,72.0,15.9,22.0,31.0,73.0,33.2,41.6,0
1,114.384,89.4743,24.9097,0.945,94.11765,0.851,90.246,24.373,67.5908,69.5,20.5,19.9,40.8,68.0,29.9,34.1,9,106.69,91.7943,14.8954,0.853,65.51724,1.84,78.599,30.998,68.4678,70.4,21.1,19.6,38.5,66.1,23.2,31.3,0
9,106.69,91.7943,14.8954,0.853,65.51724,1.84,78.599,30.998,68.4678,70.4,21.1,19.6,38.5,66.1,23.2,31.3,1,114.384,89.4743,24.9097,0.945,94.11765,0.851,90.246,24.373,67.5908,69.5,20.5,19.9,40.8,68.0,29.9,34.1,1
12,115.443,101.891,13.552,0.803,86.2069,2.416,1.23,16.574,63.4422,65.9,18.5,20.9,32.0,70.3,39.9,43.7,4,115.399,89.8348,25.564,0.949,74.19355,1.925,73.327,31.074,58.6587,60.4,14.7,20.1,30.4,74.2,39.8,36.1,0
4,115.399,89.8348,25.564,0.949,74.19355,1.925,73.327,31.074,58.6587,60.4,14.7,20.1,30.4,74.2,39.8,36.1,12,115.443,101.891,13.552,0.803,86.2069,2.416,1.23,16.574,63.4422,65.9,18.5,20.9,32.0,70.3,39.9,43.7,1
11,111.513,93.6021,17.9107,0.884,72.72727,1.502,80.577,24.044,71.3389,73.3,17.5,22.0,37.4,68.4,25.8,32.5,3,114.142,96.7568,17.3849,0.876,87.87879,1.508,49.461,21.234,67.1887,68.7,16.4,20.3,35.8,73.2,36.9,37.5,0
3,114.142,96.7568,17.3849,0.876,87.87879,1.508,49.461,21.234,67.1887,68.7,16.4,20.3,35.8,73.2,36.9,37.5,11,111.513,93.6021,17.9107,0.884,72.72727,1.502,80.577,24.044,71.3389,73.3,17.5,22.0,37.4,68.4,25.8,32.5,1
10,110.105,90.4261,19.6787,0.912,68.75,1.738,48.074,29.614,68.6097,70.9,18.1,27.3,34.8,62.1,33.4,37.1,2,117.329,91.5966,25.7322,0.936,81.81818,1.753,69.372,34.312,62.3139,63.7,18.1,20.9,42.4,68.8,35.5,33.6,1
2,117.329,91.5966,25.7322,0.936,81.81818,1.753,69.372,34.312,62.3139,63.7,18.1,20.9,42.4,68.8,35.5,33.6,10,110.105,90.4261,19.6787,0.912,68.75,1.738,48.074,29.614,68.6097,70.9,18.1,27.3,34.8,62.1,33.4,37.1,0
1,119.296,87.7467,31.5489,0.97,85.29412,2.027,88.055,31.735,64.9637,67.2,16.4,21.9,40.4,67.5,32.8,38.2,8,119.968,97.7354,22.2322,0.919,69.69697,2.356,54.719,28.292,67.121,68.7,17.5,18.9,35.2,69.3,30.2,37.3,0
8,119.968,97.7354,22.2322,0.919,69.69697,2.356,54.719,28.292,67.121,68.7,17.5,18.9,35.2,69.3,30.2,37.3,1,119.296,87.7467,31.5489,0.97,85.29412,2.027,88.055,31.735,64.9637,67.2,16.4,21.9,40.4,67.5,32.8,38.2,1
5,112.093,91.9447,20.1487,0.901,70.96774,1.698,77.137,35.891,64.0152,66.1,18.4,20.9,33.9,69.5,34.5,33.6,4,110.762,88.1665,22.5959,0.933,84.375,1.783,73.138,29.198,65.4793,67.5,16.3,23.8,30.7,68.6,30.3,31.9,1
4,110.762,88.1665,22.5959,0.933,84.375,1.783,73.138,29.198,65.4793,67.5,16.3,23.8,30.7,68.6,30.3,31.9,5,112.093,91.9447,20.1487,0.901,70.96774,1.698,77.137,35.891,64.0152,66.1,18.4,20.9,33.9,69.5,34.5,33.6,0
11,107.842,90.1999,17.6423,0.882,76.47059,1.96,4.171,20.316,62.4677,63.8,20.2,22.5,42.8,70.4,25.4,31.6,3,118.384,94.9837,23.4007,0.921,77.41935,1.704,62.004,33.152,64.0252,65.7,20.6,17.8,38.3,67.0,32.5,38.6,1
3,118.384,94.9837,23.4007,0.921,77.41935,1.704,62.004,33.152,64.0252,65.7,20.6,17.8,38.3,67.0,32.5,38.6,11,107.842,90.1999,17.6423,0.882,76.47059,1.96,4.171,20.316,62.4677,63.8,20.2,22.5,42.8,70.4,25.4,31.6,0
10,116.442,97.0364,19.4058,0.875,83.33333,1.478,22.783,17.876,66.3664,68.2,17.0,16.3,33.9,69.1,35.6,41.1,2,118.572,95.5965,22.9755,0.923,77.41935,1.602,89.439,33.157,71.172,72.7,19.1,20.9,38.0,68.1,34.5,37.6,0
2,118.572,95.5965,22.9755,0.923,77.41935,1.602,89.439,33.157,71.172,72.7,19.1,20.9,38.0,68.1,34.5,37.6,10,116.442,97.0364,19.4058,0.875,83.33333,1.478,22.783,17.876,66.3664,68.2,17.0,16.3,33.9,69.1,35.6,41.1,1
9,108.029,89.7638,18.2648,0.886,87.5,1.964,12.129,18.366,58.576,60.3,17.7,20.6,30.7,74.1,37.4,35.3,5,112.268,91.9702,20.2975,0.901,75.0,1.634,87.758,28.984,65.5206,67.5,21.0,19.4,40.5,71.6,25.2,33.3,1
5,112.268,91.9702,20.2975,0.901,75.0,1.634,87.758,28.984,65.5206,67.5,21.0,19.4,40.5,71.6,25.2,33.3,9,108.029,89.7638,18.2648,0.886,87.5,1.964,12.129,18.366,58.576,60.3,17.7,20.6,30.7,74.1,37.4,35.3,0
6,106.604,89.2115,17.3928,0.883,75.75758,1.941,51.85,29.253,67.6684,69.6,18.7,23.7,32.5,68.2,31.7,31.3,2,117.429,91.9581,25.4713,0.94,79.41176,1.975,77.427,30.606,64.023,66.1,17.3,21.7,29.4,71.5,34.9,38.8,0
2,117.429,91.9581,25.4713,0.94,79.41176,1.975,77.427,30.606,64.023,66.1,17.3,21.7,29.4,71.5,34.9,38.8,6,106.604,89.2115,17.3928,0.883,75.75758,1.941,51.85,29.253,67.6684,69.6,18.7,23.7,32.5,68.2,31.7,31.3,1
1,118.167,90.5783,27.5886,0.953,87.5,1.804,56.087,28.835,68.6909,71.5,21.1,22.7,37.2,65.0,29.9,38.5,5,110.745,90.7154,20.0295,0.895,87.5,1.671,31.589,20.638,63.243,65.1,19.2,21.1,31.2,72.9,39.4,34.2,1
5,110.745,90.7154,20.0295,0.895,87.5,1.671,31.589,20.638,63.243,65.1,19.2,21.1,31.2,72.9,39.4,34.2,1,118.167,90.5783,27.5886,0.953,87.5,1.804,56.087,28.835,68.6909,71.5,21.1,22.7,37.2,65.0,29.9,38.5,0
6,114.769,94.9437,19.8256,0.897,75.0,1.45,54.813,27.451,68.8639,70.3,18.3,18.2,35.0,70.6,31.7,37.2,2,115.425,90.4885,24.9367,0.946,78.125,1.717,43.295,35.3,69.501,71.0,20.2,23.6,41.0,66.8,32.2,35.7,1
2,115.425,90.4885,24.9367,0.946,78.125,1.717,43.295,35.3,69.501,71.0,20.2,23.6,41.0,66.8,32.2,35.7,6,114.769,94.9437,19.8256,0.897,75.0,1.45,54.813,27.451,68.8639,70.3,18.3,18.2,35.0,70.6,31.7,37.2,0
1,114.384,89.4743,24.9097,0.945,94.11765,0.851,90.246,24.373,67.5908,69.5,20.5,19.9,40.8,68.0,29.9,34.1,12,115.443,101.891,13.552,0.803,86.2069,2.416,1.23,16.574,63.4422,65.9,18.5,20.9,32.0,70.3,39.9,43.7,0
12,115.443,101.891,13.552,0.803,86.2069,2.416,1.23,16.574,63.4422,65.9,18.5,20.9,32.0,70.3,39.9,43.7,1,114.384,89.4743,24.9097,0.945,94.11765,0.851,90.246,24.373,67.5908,69.5,20.5,19.9,40.8,68.0,29.9,34.1,1
11,111.513,93.6021,17.9107,0.884,72.72727,1.502,80.577,24.044,71.3389,73.3,17.5,22.0,37.4,68.4,25.8,32.5,2,117.329,91.5966,25.7322,0.936,81.81818,1.753,69.372,34.312,62.3139,63.7,18.1,20.9,42.4,68.8,35.5,33.6,1
2,117.329,91.5966,25.7322,0.936,81.81818,1.753,69.372,34.312,62.3139,63.7,18.1,20.9,42.4,68.8,35.5,33.6,11,111.513,93.6021,17.9107,0.884,72.72727,1.502,80.577,24.044,71.3389,73.3,17.5,22.0,37.4,68.4,25.8,32.5,0
1,119.296,87.7467,31.5489,0.97,85.29412,2.027,88.055,31.735,64.9637,67.2,16.4,21.9,40.4,67.5,32.8,38.2,4,110.762,88.1665,22.5959,0.933,84.375,1.783,73.138,29.198,65.4793,67.5,16.3,23.8,30.7,68.6,30.3,31.9,0
4,110.762,88.1665,22.5959,0.933,84.375,1.783,73.138,29.198,65.4793,67.5,16.3,23.8,30.7,68.6,30.3,31.9,1,119.296,87.7467,31.5489,0.97,85.29412,2.027,88.055,31.735,64.9637,67.2,16.4,21.9,40.4,67.5,32.8,38.2,1
3,118.384,94.9837,23.4007,0.921,77.41935,1.704,62.004,33.152,64.0252,65.7,20.6,17.8,38.3,67.0,32.5,38.6,10,116.442,97.0364,19.4058,0.875,83.33333,1.478,22.783,17.876,66.3664,68.2,17.0,16.3,33.9,69.1,35.6,41.1,0
10,116.442,97.0364,19.4058,0.875,83.33333,1.478,22.783,17.876,66.3664,68.2,17.0,16.3,33.9,69.1,35.6,41.1,3,118.384,94.9837,23.4007,0.921,77.41935,1.704,62.004,33.152,64.0252,65.7,20.6,17.8,38.3,67.0,32.5,38.6,1
5,112.268,91.9702,20.2975,0.901,75.0,1.634,87.758,28.984,65.5206,67.5,21.0,19.4,40.5,71.6,25.2,33.3,6,106.604,89.2115,17.3928,0.883,75.75758,1.941,51.85,29.253,67.6684,69.6,18.7,23.7,32.5,68.2,31.7,31.3,0
6,106.604,89.2115,17.3928,0.883,75.75758,1.941,51.85,29.253,67.6684,69.6,18.7,23.7,32.5,68.2,31.7,31.3,5,112.268,91.9702,20.2975,0.901,75.0,1.634,87.758,28.984,65.5206,67.5,21.0,19.4,40.5,71.6,25.2,33.3,1
5,110.745,90.7154,20.0295,0.895,87.5,1.671,31.589,20.638,63.243,65.1,19.2,21.1,31.2,72.9,39.4,34.2,2,115.425,90.4885,24.9367,0.946,78.125,1.717,43.295,35.3,69.501,71.0,20.2,23.6,41.0,66.8,32.2,35.7,0
2,115.425,90.4885,24.9367,0.946,78.125,1.717,43.295,35.3,69.501,71.0,20.2,23.6,41.0,66.8,32.2,35.7,5,110.745,90.7154,20.0295,0.895,87.5,1.671,31.589,20.638,63.243,65.1,19.2,21.1,31.2,72.9,39.4,34.2,1
1,114.384,89.4743,24.9097,0.945,94.11765,0.851,90.246,24.373,67.5908,69.5,20.5,19.9,40.8,68.0,29.9,34.1,2,117.329,91.5966,25.7322,0.936,81.81818,1.753,69.372,34.312,62.3139,63.7,18.1,20.9,42.4,68.8,35.5,33.6,1
2,117.329,91.5966,25.7322,0.936,81.81818,1.753,69.372,34.312,62.3139,63.7,18.1,20.9,42.4,68.8,35.5,33.6,1,114.384,89.4743,24.9097,0.945,94.11765,0.851,90.246,24.373,67.5908,69.5,20.5,19.9,40.8,68.0,29.9,34.1,0
1,119.296,87.7467,31.5489,0.97,85.29412,2.027,88.055,31.735,64.9637,67.2,16.4,21.9,40.4,67.5,32.8,38.2,3,118.384,94.9837,23.4007,0.921,77.41935,1.704,62.004,33.152,64.0252,65.7,20.6,17.8,38.3,67.0,32.5,38.6,0
3,118.384,94.9837,23.4007,0.921,77.41935,1.704,62.004,33.152,64.0252,65.7,20.6,17.8,38.3,67.0,32.5,38.6,1,119.296,87.7467,31.5489,0.97,85.29412,2.027,88.055,31.735,64.9637,67.2,16.4,21.9,40.4,67.5,32.8,38.2,1
5,112.268,91.9702,20.2975,0.901,75.0,1.634,87.758,28.984,65.5206,67.5,21.0,19.4,40.5,71.6,25.2,33.3,5,110.745,90.7154,20.0295,0.895,87.5,1.671,31.589,20.638,63.243,65.1,19.2,21.1,31.2,72.9,39.4,34.2,1
5,110.745,90.7154,20.0295,0.895,87.5,1.671,31.589,20.638,63.243,65.1,19.2,21.1,31.2,72.9,39.4,34.2,5,112.268,91.9702,20.2975,0.901,75.0,1.634,87.758,28.984,65.5206,67.5,21.0,19.4,40.5,71.6,25.2,33.3,0
2,117.329,91.5966,25.7322,0.936,81.81818,1.753,69.372,34.312,62.3139,63.7,18.1,20.9,42.4,68.8,35.5,33.6,1,119.296,87.7467,31.5489,0.97,85.29412,2.027,88.055,31.735,64.9637,67.2,16.4,21.9,40.4,67.5,32.8,38.2,1
1,119.296,87.7467,31.5489,0.97,85.29412,2.027,88.055,31.735,64.9637,67.2,16.4,21.9,40.4,67.5,32.8,38.2,2,117.329,91.5966,25.7322,0.936,81.81818,1.753,69.372,34.312,62.3139,63.7,18.1,20.9,42.4,68.8,35.5,33.6,0
5,110.745,90.7154,20.0295,0.895,87.5,1.671,31.589,20.638,63.243,65.1,19.2,21.1,31.2,72.9,39.4,34.2,1,119.296,87.7467,31.5489,0.97,85.29412,2.027,88.055,31.735,64.9637,67.2,16.4,21.9,40.4,67.5,32.8,38.2,1
1,119.296,87.7467,31.5489,0.97,85.29412,2.027,88.055,31.735,64.9637,67.2,16.4,21.9,40.4,67.5,32.8,38.2,5,110.745,90.7154,20.0295,0.895,87.5,1.671,31.589,20.638,63.243,65.1,19.2,21.1,31.2,72.9,39.4,34.2,0
1,109.217,83.849,25.3676,0.953,84.84848,1.718,81.722,31.05,66.967,68.7,19.7,23.6,34.7,68.2,37.6,36.0,16,102.308,102.325,-0.01708,0.435,53.125,1.595,2.346,13.25,64.5465,66.6,22.0,17.7,39.3,70.3,28.6,32.7,0
16,102.308,102.325,-0.01708,0.435,53.125,1.595,2.346,13.25,64.5465,66.6,22.0,17.7,39.3,70.3,28.6,32.7,1,109.217,83.849,25.3676,0.953,84.84848,1.718,81.722,31.05,66.967,68.7,19.7,23.6,34.7,68.2,37.6,36.0,1
8,113.731,97.2667,16.4647,0.864,68.75,0.969,73.284,32.583,61.9585,64.1,20.9,21.0,28.4,66.4,35.4,37.9,9,110.158,98.4844,11.6737,0.781,78.78788,1.782,12.159,16.254,70.1991,71.9,18.1,23.3,33.9,65.2,25.3,33.5,1
9,110.158,98.4844,11.6737,0.781,78.78788,1.782,12.159,16.254,70.1991,71.9,18.1,23.3,33.9,65.2,25.3,33.5,8,113.731,97.2667,16.4647,0.864,68.75,0.969,73.284,32.583,61.9585,64.1,20.9,21.0,28.4,66.4,35.4,37.9,0
5,110.948,91.91,19.0381,0.885,75.0,2.367,29.961,25.174,64.0174,65.7,20.7,15.8,27.0,74.7,38.0,37.6,12,117.23,101.217,16.0133,0.853,59.375,1.402,80.614,33.867,63.6396,65.4,19.4,18.3,36.1,65.9,29.0,39.5,1
12,117.23,101.217,16.0133,0.853,59.375,1.402,80.614,33.867,63.6396,65.4,19.4,18.3,36.1,65.9,29.0,39.5,5,110.948,91.91,19.0381,0.885,75.0,2.367,29.961,25.174,64.0174,65.7,20.7,15.8,27.0,74.7,38.0,37.6,0
4,111.358,91.0587,20.299,0.911,80.0,1.3,81.319,28.789,72.3248,73.8,20.9,21.2,36.2,69.2,21.2,31.8,13,104.438,92.7341,11.7042,0.777,68.75,1.997,14.271,20.688,63.1428,65.1,19.3,24.5,33.5,66.1,28.3,31.0,1
13,104.438,92.7341,11.7042,0.777,68.75,1.997,14.271,20.688,63.1428,65.1,19.3,24.5,33.5,66.1,28.3,31.0,4,111.358,91.0587,20.299,0.911,80.0,1.3,81.319,28.789,72.3248,73.8,20.9,21.2,36.2,69.2,21.2,31.8,0
6,114.693,89.6619,25.031,0.944,67.64706,1.269,71.035,35.237,63.2031,65.8,18.2,23.6,41.0,68.6,33.8,33.1,11,103.115,93.6967,9.41849,0.759,78.78788,1.557,49.618,18.192,63.8365,66.1,20.8,22.3,38.0,70.3,29.8,33.1,1
11,103.115,93.6967,9.41849,0.759,78.78788,1.557,49.618,18.192,63.8365,66.1,20.8,22.3,38.0,70.3,29.8,33.1,6,114.693,89.6619,25.031,0.944,67.64706,1.269,71.035,35.237,63.2031,65.8,18.2,23.6,41.0,68.6,33.8,33.1,0
3,114.807,91.6765,23.1309,0.936,78.125,0.883,78.001,30.532,66.4233,68.2,20.9,19.7,37.0,70.9,30.1,38.0,14,113.637,101.211,12.4256,0.759,80.0,2.33,0.2,12.589,66.9142,69.2,16.9,18.9,32.9,72.4,30.2,40.2,0
14,113.637,101.211,12.4256,0.759,80.0,2.33,0.2,12.589,66.9142,69.2,16.9,18.9,32.9,72.4,30.2,40.2,3,114.807,91.6765,23.1309,0.936,78.125,0.883,78.001,30.532,66.4233,68.2,20.9,19.7,37.0,70.9,30.1,38.0,1
7,113.378,101.263,12.1159,0.805,66.66667,1.241,56.026,26.908,64.7471,67.0,19.6,18.4,40.8,62.9,32.2,33.7,10,109.428,91.7696,17.6587,0.888,63.63636,1.457,70.272,35.137,62.8813,65.0,21.4,19.7,37.4,69.3,21.7,32.9,1
10,109.428,91.7696,17.6587,0.888,63.63636,1.457,70.272,35.137,62.8813,65.0,21.4,19.7,37.4,69.3,21.7,32.9,7,113.378,101.263,12.1159,0.805,66.66667,1.241,56.026,26.908,64.7471,67.0,19.6,18.4,40.8,62.9,32.2,33.7,0
2,112.732,89.9494,22.7829,0.927,81.25,1.56,86.671,32.393,65.9592,68.1,21.1,20.8,40.9,73.9,26.2,35.3,15,101.428,99.9183,1.5095,0.549,70.58824,2.229,0.2,11.063,65.4018,67.2,22.8,23.9,32.9,67.9,30.9,39.7,0
15,101.428,99.9183,1.5095,0.549,70.58824,2.229,0.2,11.063,65.4018,67.2,22.8,23.9,32.9,67.9,30.9,39.7,2,112.732,89.9494,22.7829,0.927,81.25,1.56,86.671,32.393,65.9592,68.1,21.1,20.8,40.9,73.9,26.2,35.3,1
1,114.597,86.5571,28.0401,0.96,87.09677,2.167,82.019,32.844,65.5863,68.0,18.2,17.3,39.9,68.7,23.5,34.7,16,104.271,108.116,-3.84568,0.405,50.0,2.468,7.512,16.373,68.6926,70.9,21.4,19.5,33.7,68.5,41.3,34.9,0
16,104.271,108.116,-3.84568,0.405,50.0,2.468,7.512,16.373,68.6926,70.9,21.4,19.5,33.7,68.5,41.3,34.9,1,114.597,86.5571,28.0401,0.96,87.09677,2.167,82.019,32.844,65.5863,68.0,18.2,17.3,39.9,68.7,23.5,34.7,1
8,114.296,92.6399,21.6562,0.916,77.41935,1.662,31.099,22.349,68.4554,70.1,16.5,20.1,28.6,74.3,33.8,38.0,9,112.024,97.6525,14.3716,0.833,70.96774,1.701,64.074,27.139,63.1826,65.1,19.4,18.6,36.6,70.3,30.5,36.7,1
9,112.024,97.6525,14.3716,0.833,70.96774,1.701,64.074,27.139,63.1826,65.1,19.4,18.6,36.6,70.3,30.5,36.7,8,114.296,92.6399,21.6562,0.916,77.41935,1.662,31.099,22.349,68.4554,70.1,16.5,20.1,28.6,74.3,33.8,38.0,0
5,110.175,88.2115,21.9637,0.929,73.52941,1.506,71.088,29.523,65.2998,67.8,17.6,22.8,29.4,68.6,34.4,35.1,12,110.659,100.806,9.85203,0.726,68.75,1.448,10.427,18.798,60.1385,62.2,18.4,17.0,28.3,73.4,37.1,34.5,0
12,110.659,100.806,9.85203,0.726,68.75,1.448,10.427,18.798,60.1385,62.2,18.4,17.0,28.3,73.4,37.1,34.5,5,110.175,88.2115,21.9637,0.929,73.52941,1.506,71.088,29.523,65.2998,67.8,17.6,22.8,29.4,68.6,34.4,35.1,1
4,112.741,90.8054,21.9358,0.921,75.0,1.453,81.01,31.603,71.7787,73.8,20.2,20.2,41.9,69.3,20.6,34.1,13,107.733,95.9223,11.8111,0.797,64.70588,1.102,54.918,22.65,66.7566,68.7,19.8,18.9,31.2,64.5,40.0,36.1,0
13,107.733,95.9223,11.8111,0.797,64.70588,1.102,54.918,22.65,66.7566,68.7,19.8,18.9,31.2,64.5,40.0,36.1,4,112.741,90.8054,21.9358,0.921,75.0,1.453,81.01,31.603,71.7787,73.8,20.2,20.2,41.9,69.3,20.6,34.1,1
6,117.058,96.076,20.9824,0.914,72.72727,2.408,52.618,29.86,67.198,69.5,16.7,22.1,34.7,69.2,34.8,34.9,11,117.04,101.747,15.293,0.825,87.87879,1.472,10.03,13.773,59.522,61.5,18.3,17.1,36.4,72.2,31.2,39.9,0
11,117.04,101.747,15.293,0.825,87.87879,1.472,10.03,13.773,59.522,61.5,18.3,17.1,36.4,72.2,31.2,39.9,6,117.058,96.076,20.9824,0.914,72.72727,2.408,52.618,29.86,67.198,69.5,16.7,22.1,34.7,69.2,34.8,34.9,1
3,114.53,91.046,23.484,0.94,82.35294,1.814,42.029,27.671,69.8579,71.9,17.0,26.0,35.0,65.8,31.7,35.8,14,108.108,102.611,5.49712,0.648,67.85714,1.919,0.507,11.397,65.0003,67.2,19.7,20.4,32.3,69.6,33.3,40.7,0
14,108.108,102.611,5.49712,0.648,67.85714,1.919,0.507,11.397,65.0003,67.2,19.7,20.4,32.3,69.6,33.3,40.7,3,114.53,91.046,23.484,0.94,82.35294,1.814,42.029,27.671,69.8579,71.9,17.0,26.0,35.0,65.8,31.7,35.8,1
7,116.839,98.6172,18.2213,0.882,68.75,1.558,60.144,32.972,65.2261,67.4,17.9,18.6,32.2,69.6,26.2,43.4,10,108.705,95.4167,13.2883,0.821,60.60606,1.577,71.963,31.613,65.5865,68.0,17.9,22.5,35.0,63.1,27.9,33.1,1
10,108.705,95.4167,13.2883,0.821,60.60606,1.577,71.963,31.613,65.5865,68.0,17.9,22.5,35.0,63.1,27.9,33.1,7,116.839,98.6172,18.2213,0.882,68.75,1.558,60.144,32.972,65.2261,67.4,17.9,18.6,32.2,69.6,26.2,43.4,0
2,110.759,81.3187,29.4398,0.966,91.17647,1.813,77.707,22.225,64.5834,67.8,18.2,23.0,38.2,69.7,31.0,32.0,15,101.374,96.2591,5.11477,0.634,55.17241,2.441,6.747,16.261,71.325,73.0,24.4,23.9,36.8,67.9,33.6,36.0,0
15,101.374,96.2591,5.11477,0.634,55.17241,2.441,6.747,16.261,71.325,73.0,24.4,23.9,36.8,67.9,33.6,36.0,2,110.759,81.3187,29.4398,0.966,91.17647,1.813,77.707,22.225,64.5834,67.8,18.2,23.0,38.2,69.7,31.0,32.0,1
1,121.48,92.002,29.4777,0.961,87.09677,1.955,58.631,32.564,64.7792,66.4,18.0,19.7,43.0,70.6,28.6,35.7,16,106.255,101.161,5.09407,0.611,68.75,1.917,3.021,8.955,68.8103,71.3,19.1,22.7,32.0,68.2,29.2,34.2,0
16,106.255,101.161,5.09407,0.611,68.75,1.917,3.021,8.955,68.8103,71.3,19.1,22.7,32.0,68.2,29.2,34.2,1,121.48,92.002,29.4777,0.961,87.09677,1.955,58.631,32.564,64.7792,66.4,18.0,19.7,43.0,70.6,28.6,35.7,1
8,115.065,97.2997,17.7655,0.884,66.66667,1.766,70.135,33.197,69.1545,71.0,17.0,20.9,28.4,69.5,41.1,38.4,9,114.801,98.2193,16.5817,0.876,63.63636,1.34,51.315,31.113,67.356,69.6,18.6,21.1,38.1,69.0,33.9,31.4,0
9,114.801,98.2193,16.5817,0.876,63.63636,1.34,51.315,31.113,67.356,69.6,18.6,21.1,38.1,69.0,33.9,31.4,8,115.065,97.2997,17.7655,0.884,66.66667,1.766,70.135,33.197,69.1545,71.0,17.0,20.9,28.4,69.5,41.1,38.4,1
5,105.685,89.7283,15.9569,0.847,73.52941,1.372,81.218,32.5,65.4367,67.2,22.9,22.6,35.0,64.1,33.6,34.3,12,113.854,95.8886,17.9651,0.88,61.29032,1.897,78.997,31.289,58.4386,60.4,16.9,19.2,32.3,73.9,34.6,36.9,1
12,113.854,95.8886,17.9651,0.88,61.29032,1.897,78.997,31.289,58.4386,60.4,16.9,19.2,32.3,73.9,34.6,36.9,5,105.685,89.7283,15.9569,0.847,73.52941,1.372,81.218,32.5,65.4367,67.2,22.9,22.6,35.0,64.1,33.6,34.3,0
4,111.158,92.0625,19.0951,0.898,78.125,1.591,31.11,23.091,65.3071,67.4,21.5,18.2,37.2,72.1,32.9,40.0,13,108.934,104.084,4.85027,0.611,68.96552,2.082,6.778,13.308,64.4177,66.6,19.9,21.7,33.2,67.5,44.8,37.6,0
13,108.934,104.084,4.85027,0.611,68.96552,2.082,6.778,13.308,64.4177,66.6,19.9,21.7,33.2,67.5,44.8,37.6,4,111.158,92.0625,19.0951,0.898,78.125,1.591,31.11,23.091,65.3071,67.4,21.5,18.2,37.2,72.1,32.9,40.0,1
6,119.973,94.8599,25.1136,0.947,75.75758,1.838,79.037,29.438,64.4791,66.6,18.8,24.3,37.0,69.0,33.1,39.8,11,109.286,96.5255,12.7601,0.807,72.72727,1.319,31.467,14.657,65.3295,67.4,19.0,21.8,32.2,65.8,32.0,36.9,0
11,109.286,96.5255,12.7601,0.807,72.72727,1.319,31.467,14.657,65.3295,67.4,19.0,21.8,32.2,65.8,32.0,36.9,6,119.973,94.8599,25.1136,0.947,75.75758,1.838,79.037,29.438,64.4791,66.6,18.8,24.3,37.0,69.0,33.1,39.8,1
3,113.638,91.9303,21.7081,0.919,78.78788,2.046,64.785,31.499,66.8453,68.2,19.2,22.2,35.6,69.3,31.6,36.8,14,104.705,100.204,4.50143,0.601,77.41935,2.575,8.688,11.588,59.7892,61.6,21.4,20.7,31.9,70.6,37.6,37.7,0
14,104.705,100.204,4.50143,0.601,77.41935,2.575,8.688,11.588,59.7892,61.6,21.4,20.7,31.9,70.6,37.6,37.7,3,113.638,91.9303,21.7081,0.919,78.78788,2.046,64.785,31.499,66.8453,68.2,19.2,22.2,35.6,69.3,31.6,36.8,1
7,110.7,92.1925,18.5075,0.899,66.66667,1.873,72.157,32.491,64.8728,66.6,18.4,20.2,39.2,67.1,24.2,32.1,10,107.586,91.8263,15.7592,0.855,67.74194,1.224,46.808,29.811,63.7652,65.9,22.5,23.4,36.3,66.3,32.6,33.0,0
10,107.586,91.8263,15.7592,0.855,67.74194,1.224,46.808,29.811,63.7652,65.9,22.5,23.4,36.3,66.3,32.6,33.0,7,110.7,92.1925,18.5075,0.899,66.66667,1.873,72.157,32.491,64.8728,66.6,18.4,20.2,39.2,67.1,24.2,32.1,1
2,117.869,92.541,25.3284,0.949,82.35294,1.702,93.797,31.839,65.5211,68.3,17.7,23.6,37.7,66.8,35.0,34.9,15,101.747,102.618,-0.87142,0.469,73.33333,1.92,1.026,8.089,66.5996,68.5,19.5,21.6,31.9,65.1,33.1,33.1,0
15,101.747,102.618,-0.87142,0.469,73.33333,1.92,1.026,8.089,66.5996,68.5,19.5,21.6,31.9,65.1,33.1,33.1,2,117.869,92.541,25.3284,0.949,82.35294,1.702,93.797,31.839,65.5211,68.3,17.7,23.6,37.7,66.8,35.0,34.9,1
1,122.645,94.0872,28.5574,0.957,87.09677,2.031,92.496,28.827,72.454,74.5,17.1,20.7,40.5,68.1,27.7,37.3,16,101.326,101.791,-0.46529,0.454,62.06897,2.195,0.657,11.592,68.3948,69.8,22.6,17.0,35.4,71.4,24.0,34.8,0
16,101.326,101.791,-0.46529,0.454,62.06897,2.195,0.657,11.592,68.3948,69.8,22.6,17.0,35.4,71.4,24.0,34.8,1,122.645,94.0872,28.5574,0.957,87.09677,2.031,92.496,28.827,72.454,74.5,17.1,20.7,40.5,68.1,27.7,37.3,1
8,110.576,95.8662,14.7097,0.849,78.78788,2.24,44.729,21.393,65.4797,66.7,17.6,19.2,37.6,69.6,27.2,36.9,9,109.777,93.6264,16.1506,0.852,83.33333,0.713,30.264,18.098,61.9683,63.8,20.0,20.8,32.3,70.4,45.2,35.3,0
9,109.777,93.6264,16.1506,0.852,83.33333,0.713,30.264,18.098,61.9683,63.8,20.0,20.8,32.3,70.4,45.2,35.3,8,110.576,95.8662,14.7097,0.849,78.78788,2.24,44.729,21.393,65.4797,66.7,17.6,19.2,37.6,69.6,27.2,36.9,1
5,106.425,87.3285,19.0963,0.906,72.72727,1.841,52.338,30.507,61.8419,63.6,19.5,21.7,30.7,67.2,28.8,35.3,12,109.869,102.838,7.03093,0.656,74.19355,1.82,8.322,13.931,64.2906,66.4,20.2,20.0,37.5,68.6,37.4,37.0,1
12,109.869,102.838,7.03093,0.656,74.19355,1.82,8.322,13.931,64.2906,66.4,20.2,20.0,37.5,68.6,37.4,37.0,5,106.425,87.3285,19.0963,0.906,72.72727,1.841,52.338,30.507,61.8419,63.6,19.5,21.7,30.7,67.2,28.8,35.3,0
4,116.862,90.9086,25.9534,0.949,83.33333,2.076,79.37,24.529,66.4288,69.1,16.5,22.1,31.4,69.5,31.7,39.9,13,102.057,95.0743,6.9826,0.698,64.70588,1.461,1.37,14.565,64.5005,66.0,20.9,26.8,34.5,63.7,39.8,32.9,0
13,102.057,95.0743,6.9826,0.698,64.70588,1.461,1.37,14.565,64.5005,66.0,20.9,26.8,34.5,63.7,39.8,32.9,4,116.862,90.9086,25.9534,0.949,83.33333,2.076,79.37,24.529,66.4288,69.1,16.5,22.1,31.4,69.5,31.7,39.9,1
6,117.682,94.244,23.4381,0.935,72.72727,1.569,46.257,32.67,58.5891,60.9,18.7,19.7,29.9,69.7,44.7,36.6,11,109.311,94.9885,14.3226,0.824,66.66667,1.977,26.439,24.383,62.8987,65.0,19.3,18.1,32.7,70.2,36.9,36.7,0
11,109.311,94.9885,14.3226,0.824,66.66667,1.977,26.439,24.383,62.8987,65.0,19.3,18.1,32.7,70.2,36.9,36.7,6,117.682,94.244,23.4381,0.935,72.72727,1.569,46.257,32.67,58.5891,60.9,18.7,19.7,29.9,69.7,44.7,36.6,1
3,116.963,95.2698,21.693,0.921,73.52941,1.642,72.695,35.819,69.2046,71.3,20.5,19.4,36.1,64.1,32.2,35.4,14,97.6543,90.9171,6.73718,0.675,74.07407,2.292,0.216,11.765,61.6881,63.4,18.2,21.6,26.5,72.0,31.6,31.9,0
14,97.6543,90.9171,6.73718,0.675,74.07407,2.292,0.216,11.765,61.6881,63.4,18.2,21.6,26.5,72.0,31.6,31.9,3,116.963,95.2698,21.693,0.921,73.52941,1.642,72.695,35.819,69.2046,71.3,20.5,19.4,36.1,64.1,32.2,35.4,1
7,116.758,96.4646,20.2938,0.908,74.19355,1.616,56.969,26.706,67.3639,69.3,20.3,24.4,39.6,62.6,34.7,37.9,10,112.016,97.5173,14.4984,0.838,59.375,1.268,59.63,34.356,62.0992,64.6,17.7,21.5,28.4,67.6,47.7,33.2,1
10,112.016,97.5173,14.4984,0.838,59.375,1.268,59.63,34.356,62.0992,64.6,17.7,21.5,28.4,67.6,47.7,33.2,7,116.758,96.4646,20.2938,0.908,74.19355,1.616,56.969,26.706,67.3639,69.3,20.3,24.4,39.6,62.6,34.7,37.9,0
2,117.928,94.6403,23.2882,0.929,84.375,1.751,73.817,29.932,66.283,68.6,19.8,18.2,36.6,68.4,34.6,35.8,15,99.986,98.5712,1.41474,0.506,66.66667,1.879,0.2,12.038,64.8231,66.4,19.8,22.8,38.6,67.0,26.1,34.1,0
15,99.986,98.5712,1.41474,0.506,66.66667,1.879,0.2,12.038,64.8231,66.4,19.8,22.8,38.6,67.0,26.1,34.1,2,117.928,94.6403,23.2882,0.929,84.375,1.751,73.817,29.932,66.283,68.6,19.8,18.2,36.6,68.4,34.6,35.8,1
1,109.217,83.849,25.3676,0.953,84.84848,1.718,81.722,31.05,66.967,68.7,19.7,23.6,34.7,68.2,37.6,36.0,9,110.158,98.4844,11.6737,0.781,78.78788,1.782,12.159,16.254,70.1991,71.9,18.1,23.3,33.9,65.2,25.3,33.5,0
9,110.158,98.4844,11.6737,0.781,78.78788,1.782,12.159,16.254,70.1991,71.9,18.1,23.3,33.9,65.2,25.3,33.5,1,109.217,83.849,25.3676,0.953,84.84848,1.718,81.722,31.05,66.967,68.7,19.7,23.6,34.7,68.2,37.6,36.0,1
12,117.23,101.217,16.0133,0.853,59.375,1.402,80.614,33.867,63.6396,65.4,19.4,18.3,36.1,65.9,29.0,39.5,13,104.438,92.7341,11.7042,0.777,68.75,1.997,14.271,20.688,63.1428,65.1,19.3,24.5,33.5,66.1,28.3,31.0,0
13,104.438,92.7341,11.7042,0.777,68.75,1.997,14.271,20.688,63.1428,65.1,19.3,24.5,33.5,66.1,28.3,31.0,12,117.23,101.217,16.0133,0.853,59.375,1.402,80.614,33.867,63.6396,65.4,19.4,18.3,36.1,65.9,29.0,39.5,1
11,103.115,93.6967,9.41849,0.759,78.78788,1.557,49.618,18.192,63.8365,66.1,20.8,22.3,38.0,70.3,29.8,33.1,3,114.807,91.6765,23.1309,0.936,78.125,0.883,78.001,30.532,66.4233,68.2,20.9,19.7,37.0,70.9,30.1,38.0,1
3,114.807,91.6765,23.1309,0.936,78.125,0.883,78.001,30.532,66.4233,68.2,20.9,19.7,37.0,70.9,30.1,38.0,11,103.115,93.6967,9.41849,0.759,78.78788,1.557,49.618,18.192,63.8365,66.1,20.8,22.3,38.0,70.3,29.8,33.1,0
10,109.428,91.7696,17.6587,0.888,63.63636,1.457,70.272,35.137,62.8813,65.0,21.4,19.7,37.4,69.3,21.7,32.9,2,112.732,89.9494,22.7829,0.927,81.25,1.56,86.671,32.393,65.9592,68.1,21.1,20.8,40.9,73.9,26.2,35.3,1
2,112.732,89.9494,22.7829,0.927,81.25,1.56,86.671,32.393,65.9592,68.1,21.1,20.8,40.9,73.9,26.2,35.3,10,109.428,91.7696,17.6587,0.888,63.63636,1.457,70.272,35.137,62.8813,65.0,21.4,19.7,37.4,69.3,21.7,32.9,0
1,114.597,86.5571,28.0401,0.96,87.09677,2.167,82.019,32.844,65.5863,68.0,18.2,17.3,39.9,68.7,23.5,34.7,9,112.024,97.6525,14.3716,0.833,70.96774,1.701,64.074,27.139,63.1826,65.1,19.4,18.6,36.6,70.3,30.5,36.7,0
9,112.024,97.6525,14.3716,0.833,70.96774,1.701,64.074,27.139,63.1826,65.1,19.4,18.6,36.6,70.3,30.5,36.7,1,114.597,86.5571,28.0401,0.96,87.09677,2.167,82.019,32.844,65.5863,68.0,18.2,17.3,39.9,68.7,23.5,34.7,1
5,110.175,88.2115,21.9637,0.929,73.52941,1.506,71.088,29.523,65.2998,67.8,17.6,22.8,29.4,68.6,34.4,35.1,4,112.741,90.8054,21.9358,0.921,75.0,1.453,81.01,31.603,71.7787,73.8,20.2,20.2,41.9,69.3,20.6,34.1,0
4,112.741,90.8054,21.9358,0.921,75.0,1.453,81.01,31.603,71.7787,73.8,20.2,20.2,41.9,69.3,20.6,34.1,5,110.175,88.2115,21.9637,0.929,73.52941,1.506,71.088,29.523,65.2998,67.8,17.6,22.8,29.4,68.6,34.4,35.1,1
6,117.058,96.076,20.9824,0.914,72.72727,2.408,52.618,29.86,67.198,69.5,16.7,22.1,34.7,69.2,34.8,34.9,3,114.53,91.046,23.484,0.94,82.35294,1.814,42.029,27.671,69.8579,71.9,17.0,26.0,35.0,65.8,31.7,35.8,1
3,114.53,91.046,23.484,0.94,82.35294,1.814,42.029,27.671,69.8579,71.9,17.0,26.0,35.0,65.8,31.7,35.8,6,117.058,96.076,20.9824,0.914,72.72727,2.408,52.618,29.86,67.198,69.5,16.7,22.1,34.7,69.2,34.8,34.9,0
10,108.705,95.4167,13.2883,0.821,60.60606,1.577,71.963,31.613,65.5865,68.0,17.9,22.5,35.0,63.1,27.9,33.1,2,110.759,81.3187,29.4398,0.966,91.17647,1.813,77.707,22.225,64.5834,67.8,18.2,23.0,38.2,69.7,31.0,32.0,1
2,110.759,81.3187,29.4398,0.966,91.17647,1.813,77.707,22.225,64.5834,67.8,18.2,23.0,38.2,69.7,31.0,32.0,10,108.705,95.4167,13.2883,0.821,60.60606,1.577,71.963,31.613,65.5865,68.0,17.9,22.5,35.0,63.1,27.9,33.1,0
1,121.48,92.002,29.4777,0.961,87.09677,1.955,58.631,32.564,64.7792,66.4,18.0,19.7,43.0,70.6,28.6,35.7,8,115.065,97.2997,17.7655,0.884,66.66667,1.766,70.135,33.197,69.1545,71.0,17.0,20.9,28.4,69.5,41.1,38.4,0
8,115.065,97.2997,17.7655,0.884,66.66667,1.766,70.135,33.197,69.1545,71.0,17.0,20.9,28.4,69.5,41.1,38.4,1,121.48,92.002,29.4777,0.961,87.09677,1.955,58.631,32.564,64.7792,66.4,18.0,19.7,43.0,70.6,28.6,35.7,1
12,113.854,95.8886,17.9651,0.88,61.29032,1.897,78.997,31.289,58.4386,60.4,16.9,19.2,32.3,73.9,34.6,36.9,4,111.158,92.0625,19.0951,0.898,78.125,1.591,31.11,23.091,65.3071,67.4,21.5,18.2,37.2,72.1,32.9,40.0,1
4,111.158,92.0625,19.0951,0.898,78.125,1.591,31.11,23.091,65.3071,67.4,21.5,18.2,37.2,72.1,32.9,40.0,12,113.854,95.8886,17.9651,0.88,61.29032,1.897,78.997,31.289,58.4386,60.4,16.9,19.2,32.3,73.9,34.6,36.9,0
6,119.973,94.8599,25.1136,0.947,75.75758,1.838,79.037,29.438,64.4791,66.6,18.8,24.3,37.0,69.0,33.1,39.8,3,113.638,91.9303,21.7081,0.919,78.78788,2.046,64.785,31.499,66.8453,68.2,19.2,22.2,35.6,69.3,31.6,36.8,1
3,113.638,91.9303,21.7081,0.919,78.78788,2.046,64.785,31.499,66.8453,68.2,19.2,22.2,35.6,69.3,31.6,36.8,6,119.973,94.8599,25.1136,0.947,75.75758,1.838,79.037,29.438,64.4791,66.6,18.8,24.3,37.0,69.0,33.1,39.8,0
7,110.7,92.1925,18.5075,0.899,66.66667,1.873,72.157,32.491,64.8728,66.6,18.4,20.2,39.2,67.1,24.2,32.1,2,117.869,92.541,25.3284,0.949,82.35294,1.702,93.797,31.839,65.5211,68.3,17.7,23.6,37.7,66.8,35.0,34.9,1
2,117.869,92.541,25.3284,0.949,82.35294,1.702,93.797,31.839,65.5211,68.3,17.7,23.6,37.7,66.8,35.0,34.9,7,110.7,92.1925,18.5075,0.899,66.66667,1.873,72.157,32.491,64.8728,66.6,18.4,20.2,39.2,67.1,24.2,32.1,0
1,122.645,94.0872,28.5574,0.957,87.09677,2.031,92.496,28.827,72.454,74.5,17.1,20.7,40.5,68.1,27.7,37.3,8,110.576,95.8662,14.7097,0.849,78.78788,2.24,44.729,21.393,65.4797,66.7,17.6,19.2,37.6,69.6,27.2,36.9,0
8,110.576,95.8662,14.7097,0.849,78.78788,2.24,44.729,21.393,65.4797,66.7,17.6,19.2,37.6,69.6,27.2,36.9,1,122.645,94.0872,28.5574,0.957,87.09677,2.031,92.496,28.827,72.454,74.5,17.1,20.7,40.5,68.1,27.7,37.3,1
12,109.869,102.838,7.03093,0.656,74.19355,1.82,8.322,13.931,64.2906,66.4,20.2,20.0,37.5,68.6,37.4,37.0,4,116.862,90.9086,25.9534,0.949,83.33333,2.076,79.37,24.529,66.4288,69.1,16.5,22.1,31.4,69.5,31.7,39.9,1
4,116.862,90.9086,25.9534,0.949,83.33333,2.076,79.37,24.529,66.4288,69.1,16.5,22.1,31.4,69.5,31.7,39.9,12,109.869,102.838,7.03093,0.656,74.19355,1.82,8.322,13.931,64.2906,66.4,20.2,20.0,37.5,68.6,37.4,37.0,0
6,117.682,94.244,23.4381,0.935,72.72727,1.569,46.257,32.67,58.5891,60.9,18.7,19.7,29.9,69.7,44.7,36.6,3,116.963,95.2698,21.693,0.921,73.52941,1.642,72.695,35.819,69.2046,71.3,20.5,19.4,36.1,64.1,32.2,35.4,1
3,116.963,95.2698,21.693,0.921,73.52941,1.642,72.695,35.819,69.2046,71.3,20.5,19.4,36.1,64.1,32.2,35.4,6,117.682,94.244,23.4381,0.935,72.72727,1.569,46.257,32.67,58.5891,60.9,18.7,19.7,29.9,69.7,44.7,36.6,0
10,112.016,97.5173,14.4984,0.838,59.375,1.268,59.63,34.356,62.0992,64.6,17.7,21.5,28.4,67.6,47.7,33.2,2,117.928,94.6403,23.2882,0.929,84.375,1.751,73.817,29.932,66.283,68.6,19.8,18.2,36.6,68.4,34.6,35.8,1
2,117.928,94.6403,23.2882,0.929,84.375,1.751,73.817,29.932,66.283,68.6,19.8,18.2,36.6,68.4,34.6,35.8,10,112.016,97.5173,14.4984,0.838,59.375,1.268,59.63,34.356,62.0992,64.6,17.7,21.5,28.4,67.6,47.7,33.2,0
1,109.217,83.849,25.3676,0.953,84.84848,1.718,81.722,31.05,66.967,68.7,19.7,23.6,34.7,68.2,37.6,36.0,12,117.23,101.217,16.0133,0.853,59.375,1.402,80.614,33.867,63.6396,65.4,19.4,18.3,36.1,65.9,29.0,39.5,0
12,117.23,101.217,16.0133,0.853,59.375,1.402,80.614,33.867,63.6396,65.4,19.4,18.3,36.1,65.9,29.0,39.5,1,109.217,83.849,25.3676,0.953,84.84848,1.718,81.722,31.05,66.967,68.7,19.7,23.6,34.7,68.2,37.6,36.0,1
3,114.807,91.6765,23.1309,0.936,78.125,0.883,78.001,30.532,66.4233,68.2,20.9,19.7,37.0,70.9,30.1,38.0,2,112.732,89.9494,22.7829,0.927,81.25,1.56,86.671,32.393,65.9592,68.1,21.1,20.8,40.9,73.9,26.2,35.3,1
2,112.732,89.9494,22.7829,0.927,81.25,1.56,86.671,32.393,65.9592,68.1,21.1,20.8,40.9,73.9,26.2,35.3,3,114.807,91.6765,23.1309,0.936,78.125,0.883,78.001,30.532,66.4233,68.2,20.9,19.7,37.0,70.9,30.1,38.0,0
1,114.597,86.5571,28.0401,0.96,87.09677,2.167,82.019,32.844,65.5863,68.0,18.2,17.3,39.9,68.7,23.5,34.7,5,110.175,88.2115,21.9637,0.929,73.52941,1.506,71.088,29.523,65.2998,67.8,17.6,22.8,29.4,68.6,34.4,35.1,0
5,110.175,88.2115,21.9637,0.929,73.52941,1.506,71.088,29.523,65.2998,67.8,17.6,22.8,29.4,68.6,34.4,35.1,1,114.597,86.5571,28.0401,0.96,87.09677,2.167,82.019,32.844,65.5863,68.0,18.2,17.3,39.9,68.7,23.5,34.7,1
3,114.53,91.046,23.484,0.94,82.35294,1.814,42.029,27.671,69.8579,71.9,17.0,26.0,35.0,65.8,31.7,35.8,2,110.759,81.3187,29.4398,0.966,91.17647,1.813,77.707,22.225,64.5834,67.8,18.2,23.0,38.2,69.7,31.0,32.0,0
2,110.759,81.3187,29.4398,0.966,91.17647,1.813,77.707,22.225,64.5834,67.8,18.2,23.0,38.2,69.7,31.0,32.0,3,114.53,91.046,23.484,0.94,82.35294,1.814,42.029,27.671,69.8579,71.9,17.0,26.0,35.0,65.8,31.7,35.8,1
1,121.48,92.002,29.4777,0.961,87.09677,1.955,58.631,32.564,64.7792,66.4,18.0,19.7,43.0,70.6,28.6,35.7,4,111.158,92.0625,19.0951,0.898,78.125,1.591,31.11,23.091,65.3071,67.4,21.5,18.2,37.2,72.1,32.9,40.0,0
4,111.158,92.0625,19.0951,0.898,78.125,1.591,31.11,23.091,65.3071,67.4,21.5,18.2,37.2,72.1,32.9,40.0,1,121.48,92.002,29.4777,0.961,87.09677,1.955,58.631,32.564,64.7792,66.4,18.0,19.7,43.0,70.6,28.6,35.7,1
3,113.638,91.9303,21.7081,0.919,78.78788,2.046,64.785,31.499,66.8453,68.2,19.2,22.2,35.6,69.3,31.6,36.8,2,117.869,92.541,25.3284,0.949,82.35294,1.702,93.797,31.839,65.5211,68.3,17.7,23.6,37.7,66.8,35.0,34.9,0
2,117.869,92.541,25.3284,0.949,82.35294,1.702,93.797,31.839,65.5211,68.3,17.7,23.6,37.7,66.8,35.0,34.9,3,113.638,91.9303,21.7081,0.919,78.78788,2.046,64.785,31.499,66.8453,68.2,19.2,22.2,35.6,69.3,31.6,36.8,1
1,122.645,94.0872,28.5574,0.957,87.09677,2.031,92.496,28.827,72.454,74.5,17.1,20.7,40.5,68.1,27.7,37.3,4,116.862,90.9086,25.9534,0.949,83.33333,2.076,79.37,24.529,66.4288,69.1,16.5,22.1,31.4,69.5,31.7,39.9,0
4,116.862,90.9086,25.9534,0.949,83.33333,2.076,79.37,24.529,66.4288,69.1,16.5,22.1,31.4,69.5,31.7,39.9,1,122.645,94.0872,28.5574,0.957,87.09677,2.031,92.496,28.827,72.454,74.5,17.1,20.7,40.5,68.1,27.7,37.3,1
3,116.963,95.2698,21.693,0.921,73.52941,1.642,72.695,35.819,69.2046,71.3,20.5,19.4,36.1,64.1,32.2,35.4,2,117.928,94.6403,23.2882,0.929,84.375,1.751,73.817,29.932,66.283,68.6,19.8,18.2,36.6,68.4,34.6,35.8,1
2,117.928,94.6403,23.2882,0.929,84.375,1.751,73.817,29.932,66.283,68.6,19.8,18.2,36.6,68.4,34.6,35.8,3,116.963,95.2698,21.693,0.921,73.52941,1.642,72.695,35.819,69.2046,71.3,20.5,19.4,36.1,64.1,32.2,35.4,0
1,109.217,83.849,25.3676,0.953,84.84848,1.718,81.722,31.05,66.967,68.7,19.7,23.6,34.7,68.2,37.6,36.0,2,112.732,89.9494,22.7829,0.927,81.25,1.56,86.671,32.393,65.9592,68.1,21.1,20.8,40.9,73.9,26.2,35.3,1
2,112.732,89.9494,22.7829,0.927,81.25,1.56,86.671,32.393,65.9592,68.1,21.1,20.8,40.9,73.9,26.2,35.3,1,109.217,83.849,25.3676,0.953,84.84848,1.718,81.722,31.05,66.967,68.7,19.7,23.6,34.7,68.2,37.6,36.0,0
1,114.597,86.5571,28.0401,0.96,87.09677,2.167,82.019,32.844,65.5863,68.0,18.2,17.3,39.9,68.7,23.5,34.7,3,114.53,91.046,23.484,0.94,82.35294,1.814,42.029,27.671,69.8579,71.9,17.0,26.0,35.0,65.8,31.7,35.8,0
3,114.53,91.046,23.484,0.94,82.35294,1.814,42.029,27.671,69.8579,71.9,17.0,26.0,35.0,65.8,31.7,35.8,1,114.597,86.5571,28.0401,0.96,87.09677,2.167,82.019,32.844,65.5863,68.0,18.2,17.3,39.9,68.7,23.5,34.7,1
1,121.48,92.002,29.4777,0.961,87.09677,1.955,58.631,32.564,64.7792,66.4,18.0,19.7,43.0,70.6,28.6,35.7,3,113.638,91.9303,21.7081,0.919,78.78788,2.046,64.785,31.499,66.8453,68.2,19.2,22.2,35.6,69.3,31.6,36.8,1
3,113.638,91.9303,21.7081,0.919,78.78788,2.046,64.785,31.499,66.8453,68.2,19.2,22.2,35.6,69.3,31.6,36.8,1,121.48,92.002,29.4777,0.961,87.09677,1.955,58.631,32.564,64.7792,66.4,18.0,19.7,43.0,70.6,28.6,35.7,0
1,122.645,94.0872,28.5574,0.957,87.09677,2.031,92.496,28.827,72.454,74.5,17.1,20.7,40.5,68.1,27.7,37.3,2,117.928,94.6403,23.2882,0.929,84.375,1.751,73.817,29.932,66.283,68.6,19.8,18.2,36.6,68.4,34.6,35.8,0
2,117.928,94.6403,23.2882,0.929,84.375,1.751,73.817,29.932,66.283,68.6,19.8,18.2,36.6,68.4,34.6,35.8,1,122.645,94.0872,28.5574,0.957,87.09677,2.031,92.496,28.827,72.454,74.5,17.1,20.7,40.5,68.1,27.7,37.3,1
2,112.732,89.9494,22.7829,0.927,81.25,1.56,86.671,32.393,65.9592,68.1,21.1,20.8,40.9,73.9,26.2,35.3,1,114.597,86.5571,28.0401,0.96,87.09677,2.167,82.019,32.844,65.5863,68.0,18.2,17.3,39.9,68.7,23.5,34.7,0
1,114.597,86.5571,28.0401,0.96,87.09677,2.167,82.019,32.844,65.5863,68.0,18.2,17.3,39.9,68.7,23.5,34.7,2,112.732,89.9494,22.7829,0.927,81.25,1.56,86.671,32.393,65.9592,68.1,21.1,20.8,40.9,73.9,26.2,35.3,1
3,113.638,91.9303,21.7081,0.919,78.78788,2.046,64.785,31.499,66.8453,68.2,19.2,22.2,35.6,69.3,31.6,36.8,1,122.645,94.0872,28.5574,0.957,87.09677,2.031,92.496,28.827,72.454,74.5,17.1,20.7,40.5,68.1,27.7,37.3,1
1,122.645,94.0872,28.5574,0.957,87.09677,2.031,92.496,28.827,72.454,74.5,17.1,20.7,40.5,68.1,27.7,37.3,3,113.638,91.9303,21.7081,0.919,78.78788,2.046,64.785,31.499,66.8453,68.2,19.2,22.2,35.6,69.3,31.6,36.8,0
2,112.732,89.9494,22.7829,0.927,81.25,1.56,86.671,32.393,65.9592,68.1,21.1,20.8,40.9,73.9,26.2,35.3,1,122.645,94.0872,28.5574,0.957,87.09677,2.031,92.496,28.827,72.454,74.5,17.1,20.7,40.5,68.1,27.7,37.3,1
1,122.645,94.0872,28.5574,0.957,87.09677,2.031,92.496,28.827,72.454,74.5,17.1,20.7,40.5,68.1,27.7,37.3,2,112.732,89.9494,22.7829,0.927,81.25,1.56,86.671,32.393,65.9592,68.1,21.1,20.8,40.9,73.9,26.2,35.3,0
1,120.686,92.5415,28.1446,0.957,94.11765,1.595,90.906,31.561,71.9191,75.1,19.0,21.2,42.4,71.3,22.2,37.8,16,99.0167,100.058,-1.04085,0.448,56.25,1.448,7.293,9.636,65.2309,67.5,20.9,22.0,30.0,67.0,30.1,36.7,0
16,99.0167,100.058,-1.04085,0.448,56.25,1.448,7.293,9.636,65.2309,67.5,20.9,22.0,30.0,67.0,30.1,36.7,1,120.686,92.5415,28.1446,0.957,94.11765,1.595,90.906,31.561,71.9191,75.1,19.0,21.2,42.4,71.3,22.2,37.8,1
8,114.362,94.8557,19.5064,0.908,78.125,1.587,52.71,27.986,65.6213,68.6,20.2,19.9,36.1,71.1,34.8,34.6,9,109.701,94.8336,14.8678,0.863,66.66667,2.232,59.525,25.901,66.2236,68.9,22.1,21.7,37.6,68.6,30.2,33.9,1
9,109.701,94.8336,14.8678,0.863,66.66667,2.232,59.525,25.901,66.2236,68.9,22.1,21.7,37.6,68.6,30.2,33.9,8,114.362,94.8557,19.5064,0.908,78.125,1.587,52.71,27.986,65.6213,68.6,20.2,19.9,36.1,71.1,34.8,34.6,0
5,116.335,97.1396,19.1955,0.902,77.41935,1.735,80.171,28.578,68.9559,70.8,18.2,17.6,36.6,69.0,33.5,41.0,12,111.486,101.207,10.2781,0.76,69.69697,1.976,13.842,13.265,60.9624,63.8,18.7,18.3,32.2,72.2,33.4,35.2,0
12,111.486,101.207,10.2781,0.76,69.69697,1.976,13.842,13.265,60.9624,63.8,18.7,18.3,32.2,72.2,33.4,35.2,5,116.335,97.1396,19.1955,0.902,77.41935,1.735,80.171,28.578,68.9559,70.8,18.2,17.6,36.6,69.0,33.5,41.0,1
4,116.272,92.3676,23.9044,0.926,75.0,2.39,24.685,31.951,57.7887,60.1,17.2,22.2,28.1,69.9,34.4,38.1,13,99.6932,92.3864,7.30673,0.709,64.51613,1.963,4.133,15.705,60.9746,63.5,20.0,23.4,33.8,71.0,31.7,37.4,0
13,99.6932,92.3864,7.30673,0.709,64.51613,1.963,4.133,15.705,60.9746,63.5,20.0,23.4,33.8,71.0,31.7,37.4,4,116.272,92.3676,23.9044,0.926,75.0,2.39,24.685,31.951,57.7887,60.1,17.2,22.2,28.1,69.9,34.4,38.1,1
6,109.474,94.3986,15.0751,0.859,66.66667,1.669,63.704,33.332,62.5674,65.4,19.6,20.2,33.5,70.0,33.5,34.8,11,114.718,100.152,14.5658,0.833,63.63636,1.974,34.745,23.976,63.5629,65.5,19.3,21.6,32.5,65.9,35.8,38.5,0
11,114.718,100.152,14.5658,0.833,63.63636,1.974,34.745,23.976,63.5629,65.5,19.3,21.6,32.5,65.9,35.8,38.5,6,109.474,94.3986,15.0751,0.859,66.66667,1.669,63.704,33.332,62.5674,65.4,19.6,20.2,33.5,70.0,33.5,34.8,1
3,111.828,88.6299,23.198,0.936,75.0,1.617,83.94,30.593,64.6887,67.5,19.6,21.4,33.4,69.3,39.1,34.2,14,108.605,104.484,4.12039,0.598,75.0,2.32,1.289,11.798,70.2142,73.0,21.0,19.4,30.2,70.5,35.7,39.6,0
14,108.605,104.484,4.12039,0.598,75.0,2.32,1.289,11.798,70.2142,73.0,21.0,19.4,30.2,70.5,35.7,39.6,3,111.828,88.6299,23.198,0.936,75.0,1.617,83.94,30.593,64.6887,67.5,19.6,21.4,33.4,69.3,39.1,34.2,1
7,116.138,96.8401,19.2975,0.889,90.625,2.186,11.348,16.476,58.5955,61.2,16.9,22.8,29.7,68.4,48.6,37.6,10,112.779,100.155,12.6239,0.795,80.0,2.249,21.566,13.287,64.0943,66.6,20.6,20.5,37.9,69.5,33.5,37.0,0
10,112.779,100.155,12.6239,0.795,80.0,2.249,21.566,13.287,64.0943,66.6,20.6,20.5,37.9,69.5,33.5,37.0,7,116.138,96.8401,19.2975,0.889,90.625,2.186,11.348,16.476,58.5955,61.2,16.9,22.8,29.7,68.4,48.6,37.6,1
2,117.787,95.4494,22.3372,0.935,87.5,1.716,57.614,31.749,69.5841,72.7,17.7,24.6,37.0,65.7,39.1,36.4,15,108.308,106.622,1.686,0.514,65.625,2.066,10.824,11.469,59.5974,62.7,22.1,19.7,32.3,69.8,40.1,40.9,0
15,108.308,106.622,1.686,0.514,65.625,2.066,10.824,11.469,59.5974,62.7,22.1,19.7,32.3,69.8,40.1,40.9,2,117.787,95.4494,22.3372,0.935,87.5,1.716,57.614,31.749,69.5841,72.7,17.7,24.6,37.0,65.7,39.1,36.4,1
1,121.433,87.4681,33.9647,0.982,90.90909,2.047,89.633,30.29,66.8546,69.5,18.7,22.9,38.0,71.0,29.2,39.9,16,108.411,102.574,5.83665,0.596,70.0,2.061,1.355,13.96,65.7791,68.2,20.7,21.5,34.0,68.7,41.0,39.9,0
16,108.411,102.574,5.83665,0.596,70.0,2.061,1.355,13.96,65.7791,68.2,20.7,21.5,34.0,68.7,41.0,39.9,1,121.433,87.4681,33.9647,0.982,90.90909,2.047,89.633,30.29,66.8546,69.5,18.7,22.9,38.0,71.0,29.2,39.9,1
8,110.183,96.5636,13.6193,0.836,78.125,1.999,18.883,20.716,63.0988,66.1,15.8,21.6,29.4,67.6,39.8,33.5,9,108.462,94.6345,13.8274,0.809,82.35294,1.917,13.77,17.688,64.1316,66.3,21.6,24.2,36.0,64.1,30.5,37.6,0
9,108.462,94.6345,13.8274,0.809,82.35294,1.917,13.77,17.688,64.1316,66.3,21.6,24.2,36.0,64.1,30.5,37.6,8,110.183,96.5636,13.6193,0.836,78.125,1.999,18.883,20.716,63.0988,66.1,15.8,21.6,29.4,67.6,39.8,33.5,1
5,114.102,91.7372,22.3653,0.932,71.875,1.663,48.799,32.707,67.3837,69.6,20.4,24.6,40.2,63.3,32.7,38.0,12,108.903,95.9216,12.9811,0.809,62.5,0.994,61.386,29.494,67.2121,69.4,20.4,23.9,36.9,68.6,35.6,34.2,1
12,108.903,95.9216,12.9811,0.809,62.5,0.994,61.386,29.494,67.2121,69.4,20.4,23.9,36.9,68.6,35.6,34.2,5,114.102,91.7372,22.3653,0.932,71.875,1.663,48.799,32.707,67.3837,69.6,20.4,24.6,40.2,63.3,32.7,38.0,0
4,112.598,99.0821,13.5159,0.83,78.78788,1.665,63.746,23.876,67.6816,70.5,19.7,20.4,30.8,66.3,38.3,40.4,13,108.144,101.391,6.75339,0.671,68.75,1.3,10.689,13.952,66.6906,69.1,15.2,24.0,31.8,63.1,29.9,37.5,1
13,108.144,101.391,6.75339,0.671,68.75,1.3,10.689,13.952,66.6906,69.1,15.2,24.0,31.8,63.1,29.9,37.5,4,112.598,99.0821,13.5159,0.83,78.78788,1.665,63.746,23.876,67.6816,70.5,19.7,20.4,30.8,66.3,38.3,40.4,0
6,110.663,90.6973,19.9654,0.9,65.625,0.639,65.854,36.782,64.6004,67.6,22.0,20.0,31.2,65.6,28.0,38.4,11,113.383,94.4917,18.8909,0.91,63.33333,1.161,40.016,31.318,69.2125,72.2,20.8,22.5,42.1,69.2,32.6,32.4,1
11,113.383,94.4917,18.8909,0.91,63.33333,1.161,40.016,31.318,69.2125,72.2,20.8,22.5,42.1,69.2,32.6,32.4,6,110.663,90.6973,19.9654,0.9,65.625,0.639,65.854,36.782,64.6004,67.6,22.0,20.0,31.2,65.6,28.0,38.4,0
3,113.619,86.2081,27.4107,0.961,87.87879,1.939,82.1,28.584,60.8809,63.5,19.4,22.2,36.2,71.5,31.1,35.9,14,112.978,104.103,8.87459,0.682,74.19355,2.639,11.126,10.504,70.926,74.1,18.3,23.6,33.1,70.4,35.8,38.5,0
14,112.978,104.103,8.87459,0.682,74.19355,2.639,11.126,10.504,70.926,74.1,18.3,23.6,33.1,70.4,35.8,38.5,3,113.619,86.2081,27.4107,0.961,87.87879,1.939,82.1,28.584,60.8809,63.5,19.4,22.2,36.2,71.5,31.1,35.9,1
7,114.221,94.8911,19.3301,0.9,78.125,1.584,73.8,21.566,65.1856,68.3,20.5,21.7,34.5,70.4,31.4,37.2,10,114.056,93.5027,20.5532,0.895,80.64516,1.996,18.502,17.709,66.0806,69.0,17.7,24.1,32.6,72.4,40.0,36.1,1
10,114.056,93.5027,20.5532,0.895,80.64516,1.996,18.502,17.709,66.0806,69.0,17.7,24.1,32.6,72.4,40.0,36.1,7,114.221,94.8911,19.3301,0.9,78.125,1.584,73.8,21.566,65.1856,68.3,20.5,21.7,34.5,70.4,31.4,37.2,0
2,114.989,90.0051,24.9836,0.948,84.375,1.773,71.165,30.985,59.8577,63.0,20.9,20.2,33.1,67.0,40.0,38.0,15,113.762,109.662,4.10027,0.578,74.19355,2.201,10.4,11.398,63.0741,66.1,13.4,17.5,32.1,66.5,32.4,38.8,0
15,113.762,109.662,4.10027,0.578,74.19355,2.201,10.4,11.398,63.0741,66.1,13.4,17.5,32.1,66.5,32.4,38.8,2,114.989,90.0051,24.9836,0.948,84.375,1.773,71.165,30.985,59.8577,63.0,20.9,20.2,33.1,67.0,40.0,38.0,1
1,114.695,85.3169,29.3779,0.97,97.05882,1.605,82.995,20.888,67.7113,70.7,17.2,23.3,37.8,70.7,36.7,35.0,16,101.14,103.138,-1.99751,0.44,60.71429,1.839,8.575,9.423,68.0296,70.6,24.1,20.8,31.8,69.5,31.3,34.7,0
16,101.14,103.138,-1.99751,0.44,60.71429,1.839,8.575,9.423,68.0296,70.6,24.1,20.8,31.8,69.5,31.3,34.7,1,114.695,85.3169,29.3779,0.97,97.05882,1.605,82.995,20.888,67.7113,70.7,17.2,23.3,37.8,70.7,36.7,35.0,1
8,107.347,91.5296,15.8174,0.864,68.75,1.332,69.445,23.951,65.8268,68.6,21.9,18.2,35.2,67.4,36.8,33.4,9,119.29,102.634,16.6554,0.852,58.06452,1.946,72.871,35.62,64.9184,67.9,18.6,16.4,32.3,68.8,39.0,40.1,0
9,119.29,102.634,16.6554,0.852,58.06452,1.946,72.871,35.62,64.9184,67.9,18.6,16.4,32.3,68.8,39.0,40.1,8,107.347,91.5296,15.8174,0.864,68.75,1.332,69.445,23.951,65.8268,68.6,21.9,18.2,35.2,67.4,36.8,33.4,1
5,115.444,94.5625,20.8814,0.917,75.75758,1.61,87.079,31.132,62.7366,65.4,21.2,19.3,39.8,68.6,24.3,37.3,12,112.696,100.26,12.4365,0.785,63.63636,1.786,21.698,22.398,62.9596,65.5,19.1,19.3,28.5,67.7,39.4,37.2,0
12,112.696,100.26,12.4365,0.785,63.63636,1.786,21.698,22.398,62.9596,65.5,19.1,19.3,28.5,67.7,39.4,37.2,5,115.444,94.5625,20.8814,0.917,75.75758,1.61,87.079,31.132,62.7366,65.4,21.2,19.3,39.8,68.6,24.3,37.3,1
4,116.407,96.8952,19.5116,0.902,73.52941,1.727,65.161,33.073,63.1376,65.2,18.4,21.0,39.7,65.9,30.3,34.3,13,104.822,93.6893,11.1323,0.763,74.19355,2.475,1.838,16.644,62.6931,65.5,19.4,21.0,33.5,69.1,33.5,36.7,0
13,104.822,93.6893,11.1323,0.763,74.19355,2.475,1.838,16.644,62.6931,65.5,19.4,21.0,33.5,69.1,33.5,36.7,4,116.407,96.8952,19.5116,0.902,73.52941,1.727,65.161,33.073,63.1376,65.2,18.4,21.0,39.7,65.9,30.3,34.3,1
6,113.463,91.6188,21.8442,0.933,71.875,1.839,55.941,31.819,66.3008,68.9,19.0,24.3,38.0,66.4,33.6,35.9,11,106.849,97.1469,9.70175,0.784,60.0,1.464,77.136,27.594,61.9035,64.5,23.8,19.9,33.0,66.5,31.2,36.8,0
11,106.849,97.1469,9.70175,0.784,60.0,1.464,77.136,27.594,61.9035,64.5,23.8,19.9,33.0,66.5,31.2,36.8,6,113.463,91.6188,21.8442,0.933,71.875,1.839,55.941,31.819,66.3008,68.9,19.0,24.3,38.0,66.4,33.6,35.9,1
3,113.328,89.3924,23.9361,0.934,78.78788,1.859,64.912,33.063,62.7524,65.2,18.9,18.1,39.2,71.2,27.1,36.0,14,110.651,105.607,5.04434,0.602,80.76923,1.552,1.326,10.553,67.2439,69.8,20.0,20.6,28.9,69.1,35.0,40.9,0
14,110.651,105.607,5.04434,0.602,80.76923,1.552,1.326,10.553,67.2439,69.8,20.0,20.6,28.9,69.1,35.0,40.9,3,113.328,89.3924,23.9361,0.934,78.78788,1.859,64.912,33.063,62.7524,65.2,18.9,18.1,39.2,71.2,27.1,36.0,1
7,112.167,97.7713,14.3957,0.847,67.74194,1.832,42.138,28.829,64.7318,67.5,19.1,20.7,35.4,65.8,31.1,37.8,10,110.005,94.2943,15.7105,0.856,80.0,1.76,18.126,17.599,65.4301,68.2,18.9,20.9,36.0,68.7,37.9,35.8,0
10,110.005,94.2943,15.7105,0.856,80.0,1.76,18.126,17.599,65.4301,68.2,18.9,20.9,36.0,68.7,37.9,35.8,7,112.167,97.7713,14.3957,0.847,67.74194,1.832,42.138,28.829,64.7318,67.5,19.1,20.7,35.4,65.8,31.1,37.8,1
2,119.757,94.9061,24.8513,0.942,81.81818,1.229,81.767,34.791,63.0818,64.8,14.1,18.5,36.1,66.3,34.3,37.7,15,104.504,104.677,-0.1731,0.472,70.58824,2.203,9.068,9.97,64.9848,67.4,18.5,24.5,29.9,67.7,37.2,38.6,0
15,104.504,104.677,-0.1731,0.472,70.58824,2.203,9.068,9.97,64.9848,67.4,18.5,24.5,29.9,67.7,37.2,38.6,2,119.757,94.9061,24.8513,0.942,81.81818,1.229,81.767,34.791,63.0818,64.8,14.1,18.5,36.1,66.3,34.3,37.7,1
1,118.735,88.16,30.5753,0.967,90.90909,1.491,78.469,32.362,63.1761,66.2,18.8,22.7,39.2,74.1,28.1,33.8,16,92.1127,107.08,-14.9674,0.141,50.0,2.49,0.2,12.999,62.3905,64.9,21.8,22.9,32.5,65.5,25.0,35.2,0
16,92.1127,107.08,-14.9674,0.141,50.0,2.49,0.2,12.999,62.3905,64.9,21.8,22.9,32.5,65.5,25.0,35.2,1,118.735,88.16,30.5753,0.967,90.90909,1.491,78.469,32.362,63.1761,66.2,18.8,22.7,39.2,74.1,28.1,33.8,1
8,106.852,90.7846,16.0675,0.864,79.41176,1.659,34.988,21.025,67.4202,70.4,19.7,19.1,30.8,73.8,38.7,37.4,9,112.029,92.4268,19.6026,0.918,69.69697,1.611,61.214,31.167,61.5639,64.2,19.1,17.3,35.1,71.8,30.2,35.6,1
9,112.029,92.4268,19.6026,0.918,69.69697,1.611,61.214,31.167,61.5639,64.2,19.1,17.3,35.1,71.8,30.2,35.6,8,106.852,90.7846,16.0675,0.864,79.41176,1.659,34.988,21.025,67.4202,70.4,19.7,19.1,30.8,73.8,38.7,37.4,0
5,119.786,97.4463,22.3393,0.912,86.66667,2.241,2.519,21.783,61.8906,64.2,18.1,24.0,36.6,67.1,45.5,36.6,12,111.076,97.011,14.0646,0.814,80.64516,2.066,16.148,14.064,66.5432,69.0,20.2,25.2,37.0,67.2,32.4,38.6,1
12,111.076,97.011,14.0646,0.814,80.64516,2.066,16.148,14.064,66.5432,69.0,20.2,25.2,37.0,67.2,32.4,38.6,5,119.786,97.4463,22.3393,0.912,86.66667,2.241,2.519,21.783,61.8906,64.2,18.1,24.0,36.6,67.1,45.5,36.6,0
4,115.173,96.0511,19.1215,0.901,75.0,1.417,85.537,29.747,66.6029,69.3,19.4,17.4,39.3,65.7,25.2,35.9,13,101.501,96.9684,4.53284,0.614,60.60606,1.019,3.734,20.325,62.4343,65.5,21.5,22.7,32.2,69.9,27.1,34.1,1
13,101.501,96.9684,4.53284,0.614,60.60606,1.019,3.734,20.325,62.4343,65.5,21.5,22.7,32.2,69.9,27.1,34.1,4,115.173,96.0511,19.1215,0.901,75.0,1.417,85.537,29.747,66.6029,69.3,19.4,17.4,39.3,65.7,25.2,35.9,0
6,109.692,91.6027,18.089,0.895,75.0,0.848,66.368,28.915,65.7787,68.2,19.4,26.6,32.8,69.0,36.1,37.0,11,115.389,100.017,15.3717,0.855,66.66667,1.742,52.034,29.784,69.34,71.6,17.2,19.5,31.8,67.4,36.4,37.6,0
11,115.389,100.017,15.3717,0.855,66.66667,1.742,52.034,29.784,69.34,71.6,17.2,19.5,31.8,67.4,36.4,37.6,6,109.692,91.6027,18.089,0.895,75.0,0.848,66.368,28.915,65.7787,68.2,19.4,26.6,32.8,69.0,36.1,37.0,1
3,116.413,94.068,22.3453,0.928,81.81818,2.038,13.33,23.372,62.8978,65.8,20.3,20.0,36.5,70.5,37.1,39.2,14,104.018,96.1227,7.89531,0.723,50.0,1.677,57.893,28.873,64.1104,66.7,21.8,19.2,37.5,68.1,31.4,32.9,0
14,104.018,96.1227,7.89531,0.723,50.0,1.677,57.893,28.873,64.1104,66.7,21.8,19.2,37.5,68.1,31.4,32.9,3,116.413,94.068,22.3453,0.928,81.81818,2.038,13.33,23.372,62.8978,65.8,20.3,20.0,36.5,70.5,37.1,39.2,1
7,113.57,93.4302,20.14,0.913,69.69697,1.679,46.742,29.445,63.0942,65.8,16.3,23.3,34.1,68.6,35.0,35.8,10,116.577,96.3494,20.2271,0.904,56.25,1.403,85.102,39.295,62.8325,65.3,18.6,19.1,28.0,66.4,32.1,39.6,0
10,116.577,96.3494,20.2271,0.904,56.25,1.403,85.102,39.295,62.8325,65.3,18.6,19.1,28.0,66.4,32.1,39.6,7,113.57,93.4302,20.14,0.913,69.69697,1.679,46.742,29.445,63.0942,65.8,16.3,23.3,34.1,68.6,35.0,35.8,1
2,117.443,89.8149,27.6285,0.961,84.375,1.23,95.074,34.065,70.9709,73.7,18.2,24.9,34.3,66.5,39.1,38.4,15,109.436,106.857,2.57916,0.514,75.0,1.738,12.009,9.728,68.1091,71.4,20.4,22.4,33.8,69.6,47.4,36.3,0
15,109.436,106.857,2.57916,0.514,75.0,1.738,12.009,9.728,68.1091,71.4,20.4,22.4,33.8,69.6,47.4,36.3,2,117.443,89.8149,27.6285,0.961,84.375,1.23,95.074,34.065,70.9709,73.7,18.2,24.9,34.3,66.5,39.1,38.4,1
1,120.686,92.5415,28.1446,0.957,94.11765,1.595,90.906,31.561,71.9191,75.1,19.0,21.2,42.4,71.3,22.2,37.8,9,109.701,94.8336,14.8678,0.863,66.66667,2.232,59.525,25.901,66.2236,68.9,22.1,21.7,37.6,68.6,30.2,33.9,0
9,109.701,94.8336,14.8678,0.863,66.66667,2.232,59.525,25.901,66.2236,68.9,22.1,21.7,37.6,68.6,30.2,33.9,1,120.686,92.5415,28.1446,0.957,94.11765,1.595,90.906,31.561,71.9191,75.1,19.0,21.2,42.4,71.3,22.2,37.8,1
5,116.335,97.1396,19.1955,0.902,77.41935,1.735,80.171,28.578,68.9559,70.8,18.2,17.6,36.6,69.0,33.5,41.0,4,116.272,92.3676,23.9044,0.926,75.0,2.39,24.685,31.951,57.7887,60.1,17.2,22.2,28.1,69.9,34.4,38.1,1
4,116.272,92.3676,23.9044,0.926,75.0,2.39,24.685,31.951,57.7887,60.1,17.2,22.2,28.1,69.9,34.4,38.1,5,116.335,97.1396,19.1955,0.902,77.41935,1.735,80.171,28.578,68.9559,70.8,18.2,17.6,36.6,69.0,33.5,41.0,0
6,109.474,94.3986,15.0751,0.859,66.66667,1.669,63.704,33.332,62.5674,65.4,19.6,20.2,33.5,70.0,33.5,34.8,3,111.828,88.6299,23.198,0.936,75.0,1.617,83.94,30.593,64.6887,67.5,19.6,21.4,33.4,69.3,39.1,34.2,1
3,111.828,88.6299,23.198,0.936,75.0,1.617,83.94,30.593,64.6887,67.5,19.6,21.4,33.4,69.3,39.1,34.2,6,109.474,94.3986,15.0751,0.859,66.66667,1.669,63.704,33.332,62.5674,65.4,19.6,20.2,33.5,70.0,33.5,34.8,0
7,116.138,96.8401,19.2975,0.889,90.625,2.186,11.348,16.476,58.5955,61.2,16.9,22.8,29.7,68.4,48.6,37.6,2,117.787,95.4494,22.3372,0.935,87.5,1.716,57.614,31.749,69.5841,72.7,17.7,24.6,37.0,65.7,39.1,36.4,1
2,117.787,95.4494,22.3372,0.935,87.5,1.716,57.614,31.749,69.5841,72.7,17.7,24.6,37.0,65.7,39.1,36.4,7,116.138,96.8401,19.2975,0.889,90.625,2.186,11.348,16.476,58.5955,61.2,16.9,22.8,29.7,68.4,48.6,37.6,0
1,121.433,87.4681,33.9647,0.982,90.90909,2.047,89.633,30.29,66.8546,69.5,18.7,22.9,38.0,71.0,29.2,39.9,8,110.183,96.5636,13.6193,0.836,78.125,1.999,18.883,20.716,63.0988,66.1,15.8,21.6,29.4,67.6,39.8,33.5,0
8,110.183,96.5636,13.6193,0.836,78.125,1.999,18.883,20.716,63.0988,66.1,15.8,21.6,29.4,67.6,39.8,33.5,1,121.433,87.4681,33.9647,0.982,90.90909,2.047,89.633,30.29,66.8546,69.5,18.7,22.9,38.0,71.0,29.2,39.9,1
12,108.903,95.9216,12.9811,0.809,62.5,0.994,61.386,29.494,67.2121,69.4,20.4,23.9,36.9,68.6,35.6,34.2,13,108.144,101.391,6.75339,0.671,68.75,1.3,10.689,13.952,66.6906,69.1,15.2,24.0,31.8,63.1,29.9,37.5,0
13,108.144,101.391,6.75339,0.671,68.75,1.3,10.689,13.952,66.6906,69.1,15.2,24.0,31.8,63.1,29.9,37.5,12,108.903,95.9216,12.9811,0.809,62.5,0.994,61.386,29.494,67.2121,69.4,20.4,23.9,36.9,68.6,35.6,34.2,1
11,113.383,94.4917,18.8909,0.91,63.33333,1.161,40.016,31.318,69.2125,72.2,20.8,22.5,42.1,69.2,32.6,32.4,3,113.619,86.2081,27.4107,0.961,87.87879,1.939,82.1,28.584,60.8809,63.5,19.4,22.2,36.2,71.5,31.1,35.9,1
3,113.619,86.2081,27.4107,0.961,87.87879,1.939,82.1,28.584,60.8809,63.5,19.4,22.2,36.2,71.5,31.1,35.9,11,113.383,94.4917,18.8909,0.91,63.33333,1.161,40.016,31.318,69.2125,72.2,20.8,22.5,42.1,69.2,32.6,32.4,0
10,114.056,93.5027,20.5532,0.895,80.64516,1.996,18.502,17.709,66.0806,69.0,17.7,24.1,32.6,72.4,40.0,36.1,2,114.989,90.0051,24.9836,0.948,84.375,1.773,71.165,30.985,59.8577,63.0,20.9,20.2,33.1,67.0,40.0,38.0,0
2,114.989,90.0051,24.9836,0.948,84.375,1.773,71.165,30.985,59.8577,63.0,20.9,20.2,33.1,67.0,40.0,38.0,10,114.056,93.5027,20.5532,0.895,80.64516,1.996,18.502,17.709,66.0806,69.0,17.7,24.1,32.6,72.4,40.0,36.1,1
1,114.695,85.3169,29.3779,0.97,97.05882,1.605,82.995,20.888,67.7113,70.7,17.2,23.3,37.8,70.7,36.7,35.0,8,107.347,91.5296,15.8174,0.864,68.75,1.332,69.445,23.951,65.8268,68.6,21.9,18.2,35.2,67.4,36.8,33.4,0
8,107.347,91.5296,15.8174,0.864,68.75,1.332,69.445,23.951,65.8268,68.6,21.9,18.2,35.2,67.4,36.8,33.4,1,114.695,85.3169,29.3779,0.97,97.05882,1.605,82.995,20.888,67.7113,70.7,17.2,23.3,37.8,70.7,36.7,35.0,1
5,115.444,94.5625,20.8814,0.917,75.75758,1.61,87.079,31.132,62.7366,65.4,21.2,19.3,39.8,68.6,24.3,37.3,4,116.407,96.8952,19.5116,0.902,73.52941,1.727,65.161,33.073,63.1376,65.2,18.4,21.0,39.7,65.9,30.3,34.3,0
4,116.407,96.8952,19.5116,0.902,73.52941,1.727,65.161,33.073,63.1376,65.2,18.4,21.0,39.7,65.9,30.3,34.3,5,115.444,94.5625,20.8814,0.917,75.75758,1.61,87.079,31.132,62.7366,65.4,21.2,19.3,39.8,68.6,24.3,37.3,1
6,113.463,91.6188,21.8442,0.933,71.875,1.839,55.941,31.819,66.3008,68.9,19.0,24.3,38.0,66.4,33.6,35.9,3,113.328,89.3924,23.9361,0.934,78.78788,1.859,64.912,33.063,62.7524,65.2,18.9,18.1,39.2,71.2,27.1,36.0,1
3,113.328,89.3924,23.9361,0.934,78.78788,1.859,64.912,33.063,62.7524,65.2,18.9,18.1,39.2,71.2,27.1,36.0,6,113.463,91.6188,21.8442,0.933,71.875,1.839,55.941,31.819,66.3008,68.9,19.0,24.3,38.0,66.4,33.6,35.9,0
7,112.167,97.7713,14.3957,0.847,67.74194,1.832,42.138,28.829,64.7318,67.5,19.1,20.7,35.4,65.8,31.1,37.8,2,119.757,94.9061,24.8513,0.942,81.81818,1.229,81.767,34.791,63.0818,64.8,14.1,18.5,36.1,66.3,34.3,37.7,1
2,119.757,94.9061,24.8513,0.942,81.81818,1.229,81.767,34.791,63.0818,64.8,14.1,18.5,36.1,66.3,34.3,37.7,7,112.167,97.7713,14.3957,0.847,67.74194,1.832,42.138,28.829,64.7318,67.5,19.1,20.7,35.4,65.8,31.1,37.8,0
1,118.735,88.16,30.5753,0.967,90.90909,1.491,78.469,32.362,63.1761,66.2,18.8,22.7,39.2,74.1,28.1,33.8,9,112.029,92.4268,19.6026,0.918,69.69697,1.611,61.214,31.167,61.5639,64.2,19.1,17.3,35.1,71.8,30.2,35.6,0
9,112.029,92.4268,19.6026,0.918,69.69697,1.611,61.214,31.167,61.5639,64.2,19.1,17.3,35.1,71.8,30.2,35.6,1,118.735,88.16,30.5753,0.967,90.90909,1.491,78.469,32.362,63.1761,66.2,18.8,22.7,39.2,74.1,28.1,33.8,1
12,111.076,97.011,14.0646,0.814,80.64516,2.066,16.148,14.064,66.5432,69.0,20.2,25.2,37.0,67.2,32.4,38.6,13,101.501,96.9684,4.53284,0.614,60.60606,1.019,3.734,20.325,62.4343,65.5,21.5,22.7,32.2,69.9,27.1,34.1,0
13,101.501,96.9684,4.53284,0.614,60.60606,1.019,3.734,20.325,62.4343,65.5,21.5,22.7,32.2,69.9,27.1,34.1,12,111.076,97.011,14.0646,0.814,80.64516,2.066,16.148,14.064,66.5432,69.0,20.2,25.2,37.0,67.2,32.4,38.6,1
6,109.692,91.6027,18.089,0.895,75.0,0.848,66.368,28.915,65.7787,68.2,19.4,26.6,32.8,69.0,36.1,37.0,3,116.413,94.068,22.3453,0.928,81.81818,2.038,13.33,23.372,62.8978,65.8,20.3,20.0,36.5,70.5,37.1,39.2,1
3,116.413,94.068,22.3453,0.928,81.81818,2.038,13.33,23.372,62.8978,65.8,20.3,20.0,36.5,70.5,37.1,39.2,6,109.692,91.6027,18.089,0.895,75.0,0.848,66.368,28.915,65.7787,68.2,19.4,26.6,32.8,69.0,36.1,37.0,0
7,113.57,93.4302,20.14,0.913,69.69697,1.679,46.742,29.445,63.0942,65.8,16.3,23.3,34.1,68.6,35.0,35.8,2,117.443,89.8149,27.6285,0.961,84.375,1.23,95.074,34.065,70.9709,73.7,18.2,24.9,34.3,66.5,39.1,38.4,0
2,117.443,89.8149,27.6285,0.961,84.375,1.23,95.074,34.065,70.9709,73.7,18.2,24.9,34.3,66.5,39.1,38.4,7,113.57,93.4302,20.14,0.913,69.69697,1.679,46.742,29.445,63.0942,65.8,16.3,23.3,34.1,68.6,35.0,35.8,1
1,120.686,92.5415,28.1446,0.957,94.11765,1.595,90.906,31.561,71.9191,75.1,19.0,21.2,42.4,71.3,22.2,37.8,4,116.272,92.3676,23.9044,0.926,75.0,2.39,24.685,31.951,57.7887,60.1,17.2,22.2,28.1,69.9,34.4,38.1,0
4,116.272,92.3676,23.9044,0.926,75.0,2.39,24.685,31.951,57.7887,60.1,17.2,22.2,28.1,69.9,34.4,38.1,1,120.686,92.5415,28.1446,0.957,94.11765,1.595,90.906,31.561,71.9191,75.1,19.0,21.2,42.4,71.3,22.2,37.8,1
3,111.828,88.6299,23.198,0.936,75.0,1.617,83.94,30.593,64.6887,67.5,19.6,21.4,33.4,69.3,39.1,34.2,2,117.787,95.4494,22.3372,0.935,87.5,1.716,57.614,31.749,69.5841,72.7,17.7,24.6,37.0,65.7,39.1,36.4,0
2,117.787,95.4494,22.3372,0.935,87.5,1.716,57.614,31.749,69.5841,72.7,17.7,24.6,37.0,65.7,39.1,36.4,3,111.828,88.6299,23.198,0.936,75.0,1.617,83.94,30.593,64.6887,67.5,19.6,21.4,33.4,69.3,39.1,34.2,1
1,121.433,87.4681,33.9647,0.982,90.90909,2.047,89.633,30.29,66.8546,69.5,18.7,22.9,38.0,71.0,29.2,39.9,12,108.903,95.9216,12.9811,0.809,62.5,0.994,61.386,29.494,67.2121,69.4,20.4,23.9,36.9,68.6,35.6,34.2,0
12,108.903,95.9216,12.9811,0.809,62.5,0.994,61.386,29.494,67.2121,69.4,20.4,23.9,36.9,68.6,35.6,34.2,1,121.433,87.4681,33.9647,0.982,90.90909,2.047,89.633,30.29,66.8546,69.5,18.7,22.9,38.0,71.0,29.2,39.9,1
3,113.619,86.2081,27.4107,0.961,87.87879,1.939,82.1,28.584,60.8809,63.5,19.4,22.2,36.2,71.5,31.1,35.9,10,114.056,93.5027,20.5532,0.895,80.64516,1.996,18.502,17.709,66.0806,69.0,17.7,24.1,32.6,72.4,40.0,36.1,1
10,114.056,93.5027,20.5532,0.895,80.64516,1.996,18.502,17.709,66.0806,69.0,17.7,24.1,32.6,72.4,40.0,36.1,3,113.619,86.2081,27.4107,0.961,87.87879,1.939,82.1,28.584,60.8809,63.5,19.4,22.2,36.2,71.5,31.1,35.9,0
1,114.695,85.3169,29.3779,0.97,97.05882,1.605,82.995,20.888,67.7113,70.7,17.2,23.3,37.8,70.7,36.7,35.0,5,115.444,94.5625,20.8814,0.917,75.75758,1.61,87.079,31.132,62.7366,65.4,21.2,19.3,39.8,68.6,24.3,37.3,0
5,115.444,94.5625,20.8814,0.917,75.75758,1.61,87.079,31.132,62.7366,65.4,21.2,19.3,39.8,68.6,24.3,37.3,1,114.695,85.3169,29.3779,0.97,97.05882,1.605,82.995,20.888,67.7113,70.7,17.2,23.3,37.8,70.7,36.7,35.0,1
3,113.328,89.3924,23.9361,0.934,78.78788,1.859,64.912,33.063,62.7524,65.2,18.9,18.1,39.2,71.2,27.1,36.0,2,119.757,94.9061,24.8513,0.942,81.81818,1.229,81.767,34.791,63.0818,64.8,14.1,18.5,36.1,66.3,34.3,37.7,1
2,119.757,94.9061,24.8513,0.942,81.81818,1.229,81.767,34.791,63.0818,64.8,14.1,18.5,36.1,66.3,34.3,37.7,3,113.328,89.3924,23.9361,0.934,78.78788,1.859,64.912,33.063,62.7524,65.2,18.9,18.1,39.2,71.2,27.1,36.0,0
1,118.735,88.16,30.5753,0.967,90.90909,1.491,78.469,32.362,63.1761,66.2,18.8,22.7,39.2,74.1,28.1,33.8,12,111.076,97.011,14.0646,0.814,80.64516,2.066,16.148,14.064,66.5432,69.0,20.2,25.2,37.0,67.2,32.4,38.6,0
12,111.076,97.011,14.0646,0.814,80.64516,2.066,16.148,14.064,66.5432,69.0,20.2,25.2,37.0,67.2,32.4,38.6,1,118.735,88.16,30.5753,0.967,90.90909,1.491,78.469,32.362,63.1761,66.2,18.8,22.7,39.2,74.1,28.1,33.8,1
3,116.413,94.068,22.3453,0.928,81.81818,2.038,13.33,23.372,62.8978,65.8,20.3,20.0,36.5,70.5,37.1,39.2,7,113.57,93.4302,20.14,0.913,69.69697,1.679,46.742,29.445,63.0942,65.8,16.3,23.3,34.1,68.6,35.0,35.8,0
7,113.57,93.4302,20.14,0.913,69.69697,1.679,46.742,29.445,63.0942,65.8,16.3,23.3,34.1,68.6,35.0,35.8,3,116.413,94.068,22.3453,0.928,81.81818,2.038,13.33,23.372,62.8978,65.8,20.3,20.0,36.5,70.5,37.1,39.2,1
1,120.686,92.5415,28.1446,0.957,94.11765,1.595,90.906,31.561,71.9191,75.1,19.0,21.2,42.4,71.3,22.2,37.8,3,111.828,88.6299,23.198,0.936,75.0,1.617,83.94,30.593,64.6887,67.5,19.6,21.4,33.4,69.3,39.1,34.2,0
3,111.828,88.6299,23.198,0.936,75.0,1.617,83.94,30.593,64.6887,67.5,19.6,21.4,33.4,69.3,39.1,34.2,1,120.686,92.5415,28.1446,0.957,94.11765,1.595,90.906,31.561,71.9191,75.1,19.0,21.2,42.4,71.3,22.2,37.8,1
1,121.433,87.4681,33.9647,0.982,90.90909,2.047,89.633,30.29,66.8546,69.5,18.7,22.9,38.0,71.0,29.2,39.9,10,114.056,93.5027,20.5532,0.895,80.64516,1.996,18.502,17.709,66.0806,69.0,17.7,24.1,32.6,72.4,40.0,36.1,0
10,114.056,93.5027,20.5532,0.895,80.64516,1.996,18.502,17.709,66.0806,69.0,17.7,24.1,32.6,72.4,40.0,36.1,1,121.433,87.4681,33.9647,0.982,90.90909,2.047,89.633,30.29,66.8546,69.5,18.7,22.9,38.0,71.0,29.2,39.9,1
1,114.695,85.3169,29.3779,0.97,97.05882,1.605,82.995,20.888,67.7113,70.7,17.2,23.3,37.8,70.7,36.7,35.0,2,119.757,94.9061,24.8513,0.942,81.81818,1.229,81.767,34.791,63.0818,64.8,14.1,18.5,36.1,66.3,34.3,37.7,0
2,119.757,94.9061,24.8513,0.942,81.81818,1.229,81.767,34.791,63.0818,64.8,14.1,18.5,36.1,66.3,34.3,37.7,1,114.695,85.3169,29.3779,0.97,97.05882,1.605,82.995,20.888,67.7113,70.7,17.2,23.3,37.8,70.7,36.7,35.0,1
1,118.735,88.16,30.5753,0.967,90.90909,1.491,78.469,32.362,63.1761,66.2,18.8,22.7,39.2,74.1,28.1,33.8,3,116.413,94.068,22.3453,0.928,81.81818,2.038,13.33,23.372,62.8978,65.8,20.3,20.0,36.5,70.5,37.1,39.2,0
3,116.413,94.068,22.3453,0.928,81.81818,2.038,13.33,23.372,62.8978,65.8,20.3,20.0,36.5,70.5,37.1,39.2,1,118.735,88.16,30.5753,0.967,90.90909,1.491,78.469,32.362,63.1761,66.2,18.8,22.7,39.2,74.1,28.1,33.8,1
1,120.686,92.5415,28.1446,0.957,94.11765,1.595,90.906,31.561,71.9191,75.1,19.0,21.2,42.4,71.3,22.2,37.8,1,121.433,87.4681,33.9647,0.982,90.90909,2.047,89.633,30.29,66.8546,69.5,18.7,22.9,38.0,71.0,29.2,39.9,1
1,121.433,87.4681,33.9647,0.982,90.90909,2.047,89.633,30.29,66.8546,69.5,18.7,22.9,38.0,71.0,29.2,39.9,1,120.686,92.5415,28.1446,0.957,94.11765,1.595,90.906,31.561,71.9191,75.1,19.0,21.2,42.4,71.3,22.2,37.8,0
1,114.695,85.3169,29.3779,0.97,97.05882,1.605,82.995,20.888,67.7113,70.7,17.2,23.3,37.8,70.7,36.7,35.0,1,118.735,88.16,30.5753,0.967,90.90909,1.491,78.469,32.362,63.1761,66.2,18.8,22.7,39.2,74.1,28.1,33.8,0
1,118.735,88.16,30.5753,0.967,90.90909,1.491,78.469,32.362,63.1761,66.2,18.8,22.7,39.2,74.1,28.1,33.8,1,114.695,85.3169,29.3779,0.97,97.05882,1.605,82.995,20.888,67.7113,70.7,17.2,23.3,37.8,70.7,36.7,35.0,1
1,121.433,87.4681,33.9647,0.982,90.90909,2.047,89.633,30.29,66.8546,69.5,18.7,22.9,38.0,71.0,29.2,39.9,1,114.695,85.3169,29.3779,0.97,97.05882,1.605,82.995,20.888,67.7113,70.7,17.2,23.3,37.8,70.7,36.7,35.0,0
1,114.695,85.3169,29.3779,0.97,97.05882,1.605,82.995,20.888,67.7113,70.7,17.2,23.3,37.8,70.7,36.7,35.0,1,121.433,87.4681,33.9647,0.982,90.90909,2.047,89.633,30.29,66.8546,69.5,18.7,22.9,38.0,71.0,29.2,39.9,1
